%!PS-Adobe-3.0 
%%Creator: Adobe Illustrator(r) 6.0
%%For: (Macromedia Flash) ()
%%Title: (blue b dark background.ai)
%%CreationDate: (10/19/15) (14:10:12)
%%BoundingBox: 0 0 2350 1804
%%HiResBoundingBox: 0.0 0.0 2349.1 1803.8
%%DocumentProcessColors: Cyan Magenta Yellow Black
%%DocumentNeededResources: procset Adobe_level2_AI5 1.0 0
%%+ procset Adobe_screens_AI5 1.0 0
%%+ procset Adobe_typography_AI5 1.0 0
%%+ procset Adobe_blend_AI5 1.0 0
%%+ procset Adobe_Illustrator_AI6_vars Adobe_Illustrator_AI6
%%+ procset Adobe_Illustrator_AI5 1.0 0
%AI5_FileFormat 2.0
%AI3_ColorUsage: Color
%AI3_TemplateBox: 306 396 306 396
%AI3_TileBox: 807 192 1522 1291
%AI3_DocumentPreview: None
%%EndComments
%%BeginProlog
%%IncludeResource: procset Adobe_level2_AI5 1.0 0
%%IncludeResource: procset Adobe_screens_AI5 1.0 0
%%IncludeResource: procset Adobe_typography_AI5 1.0 0
%%IncludeResource: procset Adobe_blend_AI5 1.0 0
%%IncludeResource: procset Adobe_Illustrator_AI6_vars Adobe_Illustrator_AI6
%%IncludeResource: procset Adobe_Illustrator_AI5 1.0 0
%%EndProlog
%%BeginSetup
Adobe_level2_AI5 /initialize get exec
Adobe_screens_AI5 /initialize get exec
Adobe_Illustrator_AI5_vars Adobe_Illustrator_AI5 Adobe_typography_AI5 /initialize get exec
Adobe_Illustrator_AI5_vars Adobe_Illustrator_AI5 Adobe_blend_AI5 /initialize get exec
Adobe_ColorImage_AI6 /initialize get exec
Adobe_Illustrator_AI5 /initialize get exec
0 Bn
%%EndSetup
u
*u
0.000 g
1952.5 1477.2 m
1952.5 1479.2 1951.5 1480.2 1949.5 1480.2 C
245.2 1480.2 L
243.2 1480.2 242.2 1479.2 242.2 1477.2 C
242.2 40.5 L
242.2 38.5 243.2 37.5 245.2 37.5 C
1949.5 37.5 L
1951.5 37.5 1952.5 38.5 1952.5 40.5 C
1952.5 1477.2 L
f
*U
U
u
U
u
U
u
U
u
u
U
u
u
*u
0.000 0.965 0.875 0.035 k
1059.0 562.1 m
1067.7 558.3 L
1071.0 566.0 1072.8 573.8 1072.9 581.6 C
1063.4 581.8 L
1063.5 588.1 1062.3 594.5 1059.8 601.0 C
1068.6 604.4 L
1065.5 612.3 1061.2 619.1 1055.7 624.8 C
1048.9 618.2 L
1044.5 622.8 1039.1 626.5 1032.8 629.2 C
1036.5 637.8 L
1036.5 637.8 L
1028.8 641.2 1020.9 643.0 1013.0 643.0 C
1012.9 633.8 L
1006.5 633.9 1000.0 632.6 993.6 630.1 C
990.3 638.8 L
990.3 638.8 L
982.4 635.7 975.6 631.5 970.0 626.0 C
976.5 619.4 L
972.0 615.0 968.2 609.5 965.4 603.2 C
957.0 607.0 L
957.0 606.9 956.9 606.8 956.9 606.8 C
953.5 599.0 951.6 591.1 951.5 583.2 C
960.8 583.1 L
960.8 576.8 961.9 570.3 964.5 563.9 C
964.5 563.9 964.5 563.8 964.5 563.8 C
955.9 560.5 L
955.9 560.5 955.9 560.5 955.9 560.5 C
959.0 552.5 963.2 545.8 968.6 540.1 C
975.4 546.6 L
979.9 542.0 985.2 538.4 991.5 535.6 C
991.5 535.6 991.6 535.5 991.6 535.5 C
987.9 527.0 L
988.0 527.0 988.0 527.0 988.0 527.0 C
995.7 523.6 1003.5 521.9 1011.4 521.7 C
1011.5 531.1 L
1017.9 531.0 1024.3 532.2 1030.7 534.8 C
1030.8 534.8 1030.8 534.8 1030.8 534.8 C
1034.2 526.0 L
1042.2 529.2 1049.0 533.5 1054.7 539.0 C
1048.1 545.9 L
1052.6 550.3 1056.2 555.6 1059.0 561.9 C
1059.0 562.0 1059.0 562.0 1059.0 562.1 C
f
1012.5 582.5 m
1012.5 582.5 L
1012.3 582.4 L
1012.2 582.4 L
1012.1 582.4 L
1012.1 582.4 L
1012.0 582.5 L
1012.1 582.5 L
1012.3 582.6 L
1012.4 582.7 L
1012.4 582.6 L
1012.5 582.5 L
1012.6 582.6 L
1012.7 582.5 L
1012.5 582.5 L
1012.5 582.5 L
f
1012.0 582.9 m
1012.1 582.7 L
1012.0 582.8 L
1012.0 582.9 L
f
*U
U
U
u
U
u
U
u
U
u
u
u
*u
0.000 0.965 0.875 0.035 k
1045.7 582.4 m
1045.7 591.6 1042.5 599.5 1035.9 606.0 C
1029.4 612.5 1021.5 615.9 1012.2 615.9 C
1003.0 615.9 995.1 612.5 988.6 606.0 C
982.1 599.5 978.8 591.6 978.8 582.4 C
978.8 573.1 982.1 565.3 988.6 558.8 C
995.1 552.2 1003.0 549.0 1012.2 549.0 C
1021.5 549.0 1029.4 552.2 1035.9 558.8 C
1042.5 565.3 1045.7 573.1 1045.7 582.4 C
f
*U
U
U
U
u
u
*u
1.000 g
1034.0 582.4 m
1034.0 588.4 1031.8 593.5 1027.5 597.8 C
1023.4 602.0 1018.2 604.1 1012.2 604.1 C
1006.2 604.1 1001.1 602.0 996.9 597.8 C
992.6 593.5 990.5 588.4 990.5 582.4 C
990.5 576.4 992.6 571.2 996.9 567.0 C
1001.1 562.8 1006.2 560.6 1012.2 560.6 C
1018.2 560.6 1023.4 562.8 1027.5 567.0 C
1031.8 571.2 1034.0 576.4 1034.0 582.4 C
f
*U
U
U
U
u
U
u
U
u
U
u
U
u
u
u
*u
0.000 0.965 0.875 0.035 k
1063.0 582.4 m
1063.0 596.4 1058.1 608.4 1048.2 618.3 C
1038.2 628.2 1026.2 633.2 1012.2 633.2 C
998.2 633.2 986.2 628.2 976.2 618.3 C
966.3 608.4 961.4 596.4 961.4 582.4 C
961.4 568.4 966.3 556.4 976.2 546.5 C
986.2 536.5 998.2 531.5 1012.2 531.5 C
1026.2 531.5 1038.2 536.5 1048.2 546.5 C
1058.1 556.4 1063.0 568.4 1063.0 582.4 C
f
*U
U
U
U
u
u
*u
1.000 g
1033.2 582.5 m
1033.2 588.2 1031.2 593.2 1027.0 597.3 C
1023.0 601.4 1018.0 603.5 1012.2 603.5 C
1006.4 603.5 1001.5 601.4 997.4 597.3 C
993.2 593.2 991.2 588.2 991.2 582.5 C
991.2 576.6 993.2 571.7 997.4 567.6 C
1001.5 563.5 1006.4 561.5 1012.2 561.5 C
1018.0 561.5 1023.0 563.5 1027.0 567.6 C
1031.2 571.7 1033.2 576.6 1033.2 582.5 C
f
*U
U
U
u
U
u
U
u
u
*u
0.204 0.204 0.000 0.698 k
1298.7 787.4 m
1288.7 789.9 1278.3 790.8 1267.5 790.1 C
1258.0 789.5 1248.6 787.5 1239.5 784.2 C
1229.3 780.5 1219.0 777.0 1208.5 773.9 C
1208.0 775.1 L
1204.0 774.9 L
1201.7 721.5 L
1204.2 726.5 L
1206.6 729.7 1207.8 731.3 1207.8 731.3 C
1207.8 731.4 1207.8 731.4 1207.9 731.5 C
1215.1 739.9 1224.8 743.0 1237.2 741.0 C
1249.7 739.1 1260.0 733.9 1267.9 725.1 C
1275.0 717.2 1279.9 708.1 1282.5 697.9 C
1285.2 687.3 1287.1 676.7 1288.2 666.0 C
1289.1 657.3 1288.8 648.5 1287.2 639.5 C
1285.3 628.5 1282.2 617.9 1277.9 607.2 C
1273.3 596.1 1264.8 589.0 1252.1 585.6 C
1240.0 582.5 1229.9 585.1 1221.5 593.5 C
1214.7 600.2 1208.2 610.4 1202.3 624.0 C
1201.8 602.4 1201.2 576.8 1200.6 547.2 C
1205.0 546.8 1207.5 546.6 1207.8 546.6 C
1209.8 546.5 1212.0 546.2 1214.0 546.0 C
1225.8 545.2 1237.5 545.2 1249.5 546.2 C
1259.6 547.0 1269.5 549.2 1279.0 552.9 C
1290.2 557.1 1301.2 561.9 1312.0 567.2 C
1323.0 572.5 1332.5 579.4 1340.8 587.8 C
1348.2 595.3 1355.3 603.0 1362.0 610.9 C
1369.2 619.4 1374.2 629.0 1376.9 639.8 C
1379.5 650.0 1380.8 660.5 1380.9 671.1 C
1380.9 680.0 1380.6 688.9 1380.0 697.8 C
1379.2 707.7 1376.8 717.2 1372.8 726.2 C
1368.2 736.5 1362.8 746.2 1356.5 755.4 C
1350.3 764.5 1342.0 771.5 1331.4 776.1 C
1321.1 780.8 1310.2 784.5 1298.7 787.4 C
f
*U
U
u
*u
0.204 0.204 0.000 0.698 k
1207.2 930.2 m
1207.2 939.1 1202.5 944.1 1193.0 945.3 C
1188.0 946.0 1183.1 945.0 1178.5 942.4 C
1166.5 935.5 1153.8 930.0 1140.6 926.0 C
1137.5 925.0 1134.5 924.0 1131.4 923.0 C
1125.8 921.6 1120.2 920.0 1114.7 918.3 C
1109.8 916.8 1105.9 913.9 1103.2 909.4 C
1100.3 904.8 1100.2 900.2 1102.8 895.6 C
1105.4 891.4 1108.8 888.1 1113.2 885.8 C
1115.5 884.6 1117.2 883.0 1118.0 880.7 C
1125.5 862.4 1127.7 842.5 1124.6 821.1 C
1122.7 808.1 1122.2 795.1 1123.0 782.2 C
1123.2 778.2 1123.4 774.2 1123.5 770.3 C
1123.7 740.2 1124.0 710.3 1124.3 680.4 C
1124.8 648.4 1124.3 616.2 1123.2 584.2 C
1122.8 576.5 1122.2 568.9 1121.2 561.2 C
1120.9 558.4 1122.0 556.0 1124.6 554.2 C
1127.2 552.4 1130.0 551.0 1133.0 550.0 C
1135.8 549.1 1138.5 549.1 1141.4 550.2 C
1146.7 552.2 1152.0 554.1 1157.5 556.0 C
1164.8 554.0 1172.2 552.1 1179.6 550.6 C
1187.6 549.1 1195.5 547.8 1203.5 546.5 C
1203.5 641.5 L
1203.3 644.0 1203.2 646.6 1203.0 649.1 C
1202.5 658.8 1202.7 668.4 1203.7 677.8 C
1204.8 687.7 1205.6 697.5 1206.1 707.3 C
1206.5 714.9 1206.5 722.7 1206.3 730.6 C
1206.5 730.8 1206.6 730.9 1206.8 731.0 C
1206.8 774.5 L
1206.7 774.6 L
1206.3 826.7 1206.5 878.5 1207.2 930.2 C
f
*U
U
u
*u
0.204 0.204 0.000 0.698 k
1298.7 787.6 m
1288.7 790.1 1278.3 791.0 1267.5 790.4 C
1258.0 789.8 1248.6 787.8 1239.5 784.5 C
1229.3 780.7 1219.0 777.2 1208.5 774.1 C
1208.0 775.4 L
1204.0 775.1 L
1201.7 721.8 L
1204.2 726.8 L
1206.6 730.0 1207.8 731.5 1207.8 731.5 C
1207.8 731.6 1207.8 731.6 1207.9 731.8 C
1215.1 740.1 1224.8 743.3 1237.2 741.2 C
1249.7 739.4 1260.0 734.1 1267.9 725.4 C
1275.0 717.5 1279.9 708.4 1282.5 698.1 C
1285.2 687.5 1287.1 677.0 1288.2 666.2 C
1289.1 657.5 1288.8 648.7 1287.2 639.7 C
1285.3 628.8 1282.2 618.1 1277.9 607.5 C
1273.3 596.4 1264.8 589.2 1252.1 585.9 C
1240.0 582.8 1229.9 585.4 1221.5 593.7 C
1214.7 600.5 1208.2 610.6 1202.3 624.2 C
1201.8 602.6 1201.2 577.0 1200.6 547.5 C
1205.0 547.0 1207.5 546.9 1207.8 546.9 C
1209.8 546.7 1212.0 546.5 1214.0 546.3 C
1225.8 545.5 1237.5 545.5 1249.5 546.5 C
1259.6 547.2 1269.5 549.5 1279.0 553.1 C
1290.2 557.4 1301.2 562.1 1312.0 567.5 C
1323.0 572.8 1332.5 579.6 1340.8 588.0 C
1348.2 595.5 1355.3 603.2 1362.0 611.1 C
1369.2 619.6 1374.2 629.3 1376.9 640.0 C
1379.5 650.2 1380.8 660.8 1380.9 671.4 C
1380.9 680.3 1380.6 689.1 1380.0 698.0 C
1379.2 708.0 1376.8 717.5 1372.8 726.5 C
1368.2 736.8 1362.8 746.5 1356.5 755.6 C
1350.3 764.8 1342.0 771.7 1331.4 776.4 C
1321.1 781.0 1310.2 784.8 1298.7 787.6 C
f
*U
U
u
*u
0.204 0.204 0.000 0.698 k
1207.2 930.2 m
1207.2 939.1 1202.5 944.1 1193.0 945.3 C
1188.0 946.0 1183.1 945.0 1178.5 942.4 C
1166.5 935.5 1153.8 930.0 1140.6 926.0 C
1137.5 925.0 1134.5 924.0 1131.4 923.0 C
1125.8 921.6 1120.2 920.0 1114.7 918.3 C
1109.8 916.8 1105.9 913.9 1103.2 909.4 C
1100.3 904.8 1100.2 900.2 1102.8 895.6 C
1105.4 891.4 1108.8 888.1 1113.2 885.8 C
1115.5 884.6 1117.2 883.0 1118.0 880.7 C
1125.5 862.4 1127.7 842.5 1124.6 821.1 C
1122.7 808.1 1122.2 795.1 1123.0 782.2 C
1123.2 778.2 1123.4 774.2 1123.5 770.3 C
1123.7 740.2 1124.0 710.3 1124.3 680.4 C
1124.8 648.4 1124.3 616.2 1123.2 584.2 C
1122.8 576.5 1122.2 568.9 1121.2 561.2 C
1120.9 558.4 1122.0 556.0 1124.6 554.2 C
1127.2 552.4 1130.0 551.0 1133.0 550.0 C
1135.8 549.1 1138.5 549.1 1141.4 550.2 C
1146.7 552.2 1152.0 554.1 1157.5 556.0 C
1164.8 554.0 1172.2 552.1 1179.6 550.6 C
1187.6 549.1 1195.5 547.8 1203.5 546.5 C
1203.5 641.5 L
1203.3 644.0 1203.2 646.6 1203.0 649.1 C
1202.5 658.8 1202.7 668.4 1203.7 677.8 C
1204.8 687.7 1205.6 697.5 1206.1 707.3 C
1206.5 714.9 1206.5 722.7 1206.3 730.6 C
1206.5 730.8 1206.6 730.9 1206.8 731.0 C
1206.8 774.5 L
1206.7 774.6 L
1206.3 826.7 1206.5 878.5 1207.2 930.2 C
f
*U
U
U
u
u
u
u
*u
0.000 0.965 0.875 0.035 k
1644.9 1191.1 m
1644.9 1191.1 1644.9 1191.1 1644.9 1191.1 C
1641.8 1191.1 1639.0 1190.0 1636.8 1187.8 C
1634.6 1185.5 1633.5 1182.8 1633.5 1179.7 C
1633.5 1179.7 1633.5 1179.7 1633.5 1179.7 C
1633.5 1176.5 1634.6 1173.8 1636.8 1171.7 C
1639.0 1169.4 1641.8 1168.3 1644.9 1168.3 C
1648.0 1168.3 1650.8 1169.4 1653.0 1171.7 C
1655.2 1173.8 1656.3 1176.5 1656.3 1179.7 C
1656.3 1182.8 1655.2 1185.5 1653.0 1187.8 C
1650.8 1190.0 1648.0 1191.1 1644.9 1191.1 C
f
*U
[]0 d
0.000 0.965 0.875 0.035 K
1 j
1 J
0.650000 w
1644.9 1191.1 m
1641.8 1191.1 1639.0 1190.0 1636.8 1187.8 C
1634.6 1185.5 1633.5 1182.8 1633.5 1179.7 C
1633.5 1179.7 1633.5 1179.7 1633.5 1179.7 C
1633.5 1176.5 1634.6 1173.8 1636.8 1171.7 C
1639.0 1169.4 1641.8 1168.3 1644.9 1168.3 C
1648.0 1168.3 1650.8 1169.4 1653.0 1171.7 C
1655.2 1173.8 1656.3 1176.5 1656.3 1179.7 C
1656.3 1182.8 1655.2 1185.5 1653.0 1187.8 C
1650.8 1190.0 1648.0 1191.1 1644.9 1191.1 C
1644.9 1191.1 1644.9 1191.1 1644.9 1191.1 C
S
U
U
u
u
*u
0.000 0.965 0.875 0.035 k
1615.3 1191.0 m
1615.3 1191.0 1615.3 1191.0 1615.3 1191.0 C
1612.2 1191.0 1609.5 1190.0 1607.3 1187.7 C
1605.0 1185.5 1604.0 1182.8 1604.0 1179.7 C
1604.0 1179.7 1604.0 1179.7 1604.0 1179.7 C
1604.0 1176.5 1605.0 1173.8 1607.3 1171.6 C
1609.5 1169.3 1612.2 1168.2 1615.3 1168.2 C
1618.5 1168.2 1621.2 1169.3 1623.4 1171.6 C
1625.7 1173.8 1626.8 1176.5 1626.8 1179.7 C
1626.8 1182.8 1625.7 1185.5 1623.4 1187.7 C
1621.2 1190.0 1618.5 1191.0 1615.3 1191.0 C
f
*U
[]0 d
0.000 0.965 0.875 0.035 K
1 j
1 J
0.650000 w
1615.3 1191.0 m
1612.2 1191.0 1609.5 1190.0 1607.3 1187.7 C
1605.0 1185.5 1604.0 1182.8 1604.0 1179.7 C
1604.0 1179.7 1604.0 1179.7 1604.0 1179.7 C
1604.0 1176.5 1605.0 1173.8 1607.3 1171.6 C
1609.5 1169.3 1612.2 1168.2 1615.3 1168.2 C
1618.5 1168.2 1621.2 1169.3 1623.4 1171.6 C
1625.7 1173.8 1626.8 1176.5 1626.8 1179.7 C
1626.8 1182.8 1625.7 1185.5 1623.4 1187.7 C
1621.2 1190.0 1618.5 1191.0 1615.3 1191.0 C
1615.3 1191.0 1615.3 1191.0 1615.3 1191.0 C
S
U
U
u
u
*u
0.000 0.965 0.875 0.035 k
1644.9 1220.6 m
1644.9 1220.6 1644.9 1220.6 1644.9 1220.6 C
1641.8 1220.6 1639.0 1219.5 1636.8 1217.2 C
1634.6 1215.0 1633.5 1212.3 1633.5 1209.2 C
1633.5 1209.2 1633.5 1209.2 1633.5 1209.2 C
1633.5 1206.0 1634.6 1203.3 1636.8 1201.2 C
1639.0 1198.9 1641.8 1197.8 1644.9 1197.8 C
1648.0 1197.8 1650.8 1198.9 1653.0 1201.2 C
1655.2 1203.3 1656.3 1206.0 1656.3 1209.2 C
1656.3 1212.3 1655.2 1215.0 1653.0 1217.2 C
1650.8 1219.5 1648.0 1220.6 1644.9 1220.6 C
f
*U
[]0 d
0.000 0.965 0.875 0.035 K
1 j
1 J
0.650000 w
1644.9 1220.6 m
1641.8 1220.6 1639.0 1219.5 1636.8 1217.2 C
1634.6 1215.0 1633.5 1212.3 1633.5 1209.2 C
1633.5 1209.2 1633.5 1209.2 1633.5 1209.2 C
1633.5 1206.0 1634.6 1203.3 1636.8 1201.2 C
1639.0 1198.9 1641.8 1197.8 1644.9 1197.8 C
1648.0 1197.8 1650.8 1198.9 1653.0 1201.2 C
1655.2 1203.3 1656.3 1206.0 1656.3 1209.2 C
1656.3 1212.3 1655.2 1215.0 1653.0 1217.2 C
1650.8 1219.5 1648.0 1220.6 1644.9 1220.6 C
1644.9 1220.6 1644.9 1220.6 1644.9 1220.6 C
S
U
U
u
u
*u
0.000 0.965 0.875 0.035 k
1615.3 1220.6 m
1615.3 1220.6 1615.3 1220.6 1615.3 1220.6 C
1612.2 1220.6 1609.5 1219.5 1607.3 1217.2 C
1605.0 1215.0 1604.0 1212.3 1604.0 1209.2 C
1604.0 1209.2 1604.0 1209.2 1604.0 1209.2 C
1604.0 1206.0 1605.0 1203.3 1607.3 1201.2 C
1609.5 1198.9 1612.2 1197.8 1615.3 1197.8 C
1618.5 1197.8 1621.2 1198.9 1623.4 1201.2 C
1625.7 1203.3 1626.8 1206.0 1626.8 1209.2 C
1626.8 1212.3 1625.7 1215.0 1623.4 1217.2 C
1621.2 1219.5 1618.5 1220.6 1615.3 1220.6 C
f
*U
[]0 d
0.000 0.965 0.875 0.035 K
1 j
1 J
0.650000 w
1615.3 1220.6 m
1612.2 1220.6 1609.5 1219.5 1607.3 1217.2 C
1605.0 1215.0 1604.0 1212.3 1604.0 1209.2 C
1604.0 1209.2 1604.0 1209.2 1604.0 1209.2 C
1604.0 1206.0 1605.0 1203.3 1607.3 1201.2 C
1609.5 1198.9 1612.2 1197.8 1615.3 1197.8 C
1618.5 1197.8 1621.2 1198.9 1623.4 1201.2 C
1625.7 1203.3 1626.8 1206.0 1626.8 1209.2 C
1626.8 1212.3 1625.7 1215.0 1623.4 1217.2 C
1621.2 1219.5 1618.5 1220.6 1615.3 1220.6 C
1615.3 1220.6 1615.3 1220.6 1615.3 1220.6 C
S
U
U
u
u
*u
0.000 0.965 0.875 0.035 k
1644.9 1250.1 m
1644.9 1250.1 1644.9 1250.1 1644.9 1250.1 C
1641.8 1250.1 1639.0 1249.0 1636.8 1246.8 C
1634.6 1244.5 1633.5 1241.8 1633.5 1238.7 C
1633.5 1238.7 1633.5 1238.7 1633.5 1238.7 C
1633.5 1235.5 1634.6 1232.8 1636.8 1230.7 C
1639.0 1228.4 1641.8 1227.3 1644.9 1227.3 C
1648.0 1227.3 1650.8 1228.4 1653.0 1230.7 C
1655.2 1232.8 1656.3 1235.5 1656.3 1238.7 C
1656.3 1241.8 1655.2 1244.5 1653.0 1246.8 C
1650.8 1249.0 1648.0 1250.1 1644.9 1250.1 C
f
*U
[]0 d
0.000 0.965 0.875 0.035 K
1 j
1 J
0.650000 w
1644.9 1250.1 m
1641.8 1250.1 1639.0 1249.0 1636.8 1246.8 C
1634.6 1244.5 1633.5 1241.8 1633.5 1238.7 C
1633.5 1238.7 1633.5 1238.7 1633.5 1238.7 C
1633.5 1235.5 1634.6 1232.8 1636.8 1230.7 C
1639.0 1228.4 1641.8 1227.3 1644.9 1227.3 C
1648.0 1227.3 1650.8 1228.4 1653.0 1230.7 C
1655.2 1232.8 1656.3 1235.5 1656.3 1238.7 C
1656.3 1241.8 1655.2 1244.5 1653.0 1246.8 C
1650.8 1249.0 1648.0 1250.1 1644.9 1250.1 C
1644.9 1250.1 1644.9 1250.1 1644.9 1250.1 C
S
U
U
u
u
*u
0.000 0.965 0.875 0.035 k
1615.3 1250.2 m
1615.3 1250.2 1615.3 1250.2 1615.3 1250.2 C
1612.2 1250.2 1609.5 1249.0 1607.3 1246.8 C
1605.0 1244.6 1604.0 1241.9 1604.0 1238.8 C
1604.0 1238.8 1604.0 1238.8 1604.0 1238.8 C
1604.0 1235.6 1605.0 1232.9 1607.3 1230.7 C
1609.5 1228.5 1612.2 1227.3 1615.3 1227.3 C
1618.5 1227.3 1621.2 1228.5 1623.4 1230.7 C
1625.7 1232.9 1626.8 1235.6 1626.8 1238.8 C
1626.8 1241.9 1625.7 1244.6 1623.4 1246.8 C
1621.2 1249.0 1618.5 1250.2 1615.3 1250.2 C
f
*U
[]0 d
0.000 0.965 0.875 0.035 K
1 j
1 J
0.650000 w
1615.3 1250.2 m
1612.2 1250.2 1609.5 1249.0 1607.3 1246.8 C
1605.0 1244.6 1604.0 1241.9 1604.0 1238.8 C
1604.0 1238.8 1604.0 1238.8 1604.0 1238.8 C
1604.0 1235.6 1605.0 1232.9 1607.3 1230.7 C
1609.5 1228.5 1612.2 1227.3 1615.3 1227.3 C
1618.5 1227.3 1621.2 1228.5 1623.4 1230.7 C
1625.7 1232.9 1626.8 1235.6 1626.8 1238.8 C
1626.8 1241.9 1625.7 1244.6 1623.4 1246.8 C
1621.2 1249.0 1618.5 1250.2 1615.3 1250.2 C
1615.3 1250.2 1615.3 1250.2 1615.3 1250.2 C
S
U
U
u
u
*u
0.000 0.965 0.875 0.035 k
1645.0 1279.5 m
1645.0 1279.5 1645.0 1279.5 1645.0 1279.5 C
1641.8 1279.5 1639.1 1278.4 1636.9 1276.2 C
1634.7 1274.0 1633.5 1271.2 1633.5 1268.1 C
1633.5 1268.1 1633.5 1268.1 1633.5 1268.1 C
1633.5 1265.0 1634.7 1262.2 1636.9 1260.0 C
1639.1 1257.8 1641.8 1256.7 1645.0 1256.7 C
1648.1 1256.7 1650.8 1257.8 1653.0 1260.0 C
1655.2 1262.2 1656.3 1265.0 1656.3 1268.1 C
1656.3 1271.2 1655.2 1274.0 1653.0 1276.2 C
1650.8 1278.4 1648.1 1279.5 1645.0 1279.5 C
f
*U
[]0 d
0.000 0.965 0.875 0.035 K
1 j
1 J
0.650000 w
1645.0 1279.5 m
1641.8 1279.5 1639.1 1278.4 1636.9 1276.2 C
1634.7 1274.0 1633.5 1271.2 1633.5 1268.1 C
1633.5 1268.1 1633.5 1268.1 1633.5 1268.1 C
1633.5 1265.0 1634.7 1262.2 1636.9 1260.0 C
1639.1 1257.8 1641.8 1256.7 1645.0 1256.7 C
1648.1 1256.7 1650.8 1257.8 1653.0 1260.0 C
1655.2 1262.2 1656.3 1265.0 1656.3 1268.1 C
1656.3 1271.2 1655.2 1274.0 1653.0 1276.2 C
1650.8 1278.4 1648.1 1279.5 1645.0 1279.5 C
1645.0 1279.5 1645.0 1279.5 1645.0 1279.5 C
S
U
U
u
u
*u
0.000 0.965 0.875 0.035 k
1615.3 1279.5 m
1615.3 1279.5 1615.3 1279.5 1615.3 1279.5 C
1612.2 1279.5 1609.5 1278.4 1607.3 1276.2 C
1605.0 1274.0 1604.0 1271.2 1604.0 1268.1 C
1604.0 1268.1 1604.0 1268.1 1604.0 1268.1 C
1604.0 1265.0 1605.0 1262.2 1607.3 1260.0 C
1609.5 1257.8 1612.2 1256.7 1615.3 1256.7 C
1618.5 1256.7 1621.2 1257.8 1623.4 1260.0 C
1625.7 1262.2 1626.8 1265.0 1626.8 1268.1 C
1626.8 1271.2 1625.7 1274.0 1623.4 1276.2 C
1621.2 1278.4 1618.5 1279.5 1615.3 1279.5 C
f
*U
[]0 d
0.000 0.965 0.875 0.035 K
1 j
1 J
0.650000 w
1615.3 1279.5 m
1612.2 1279.5 1609.5 1278.4 1607.3 1276.2 C
1605.0 1274.0 1604.0 1271.2 1604.0 1268.1 C
1604.0 1268.1 1604.0 1268.1 1604.0 1268.1 C
1604.0 1265.0 1605.0 1262.2 1607.3 1260.0 C
1609.5 1257.8 1612.2 1256.7 1615.3 1256.7 C
1618.5 1256.7 1621.2 1257.8 1623.4 1260.0 C
1625.7 1262.2 1626.8 1265.0 1626.8 1268.1 C
1626.8 1271.2 1625.7 1274.0 1623.4 1276.2 C
1621.2 1278.4 1618.5 1279.5 1615.3 1279.5 C
1615.3 1279.5 1615.3 1279.5 1615.3 1279.5 C
S
U
U
U
U
u
U
u
U
u
U
u
U
u
U
u
U
u
U
u
U
u
u
U
u
*u
0.000 0.965 0.875 0.035 k
1173.2 1409.6 m
1171.8 1410.2 1169.5 1410.4 1166.4 1410.4 C
1163.2 1410.4 1161.0 1410.0 1159.5 1409.4 C
1158.1 1408.8 1157.0 1407.2 1156.0 1404.8 C
1156.0 1403.2 L
1177.7 1403.2 L
1177.7 1404.4 L
1176.9 1407.0 1175.4 1408.8 1173.2 1409.6 C
f
*U
*u
0.000 0.965 0.875 0.035 k
1182.2 1398.0 m
1182.5 1399.2 1182.3 1400.2 1181.6 1401.2 C
1181.0 1402.0 1180.5 1402.3 1180.0 1402.6 C
1177.7 1403.2 L
1156.0 1403.2 L
1154.8 1403.2 L
1153.0 1402.6 1151.8 1402.0 1151.2 1401.3 C
1150.5 1400.5 1150.2 1399.6 1150.2 1398.5 C
1150.2 1398.2 1150.3 1397.8 1150.7 1397.4 C
1151.1 1397.0 1151.5 1396.6 1151.6 1396.4 C
1151.6 1396.0 L
1181.8 1396.0 L
1182.2 1398.0 L
f
*U
*u
0.000 0.965 0.875 0.035 k
1182.0 1389.6 m
1182.0 1390.8 L
1182.5 1391.2 1182.8 1391.5 1183.0 1391.8 C
1183.4 1392.0 1183.6 1392.5 1183.6 1393.2 C
1183.6 1393.8 1183.1 1394.5 1182.0 1395.2 C
1181.8 1396.0 L
1151.6 1396.0 L
1151.1 1394.8 L
1150.9 1394.5 1150.7 1394.2 1150.5 1393.8 C
1150.2 1393.2 1150.0 1392.8 1150.0 1392.5 C
1150.0 1391.9 1150.2 1391.5 1150.4 1391.2 C
1150.6 1391.1 1150.9 1391.0 1151.3 1390.8 C
1151.3 1389.6 L
1182.0 1389.6 L
f
*U
[]0 d
0.000 0.965 0.875 0.035 K
1 j
1 J
4.900000 w
1177.7 1404.4 m
1176.9 1407.0 1175.4 1408.8 1173.2 1409.6 C
1171.8 1410.2 1169.5 1410.4 1166.4 1410.4 C
1163.2 1410.4 1161.0 1410.0 1159.5 1409.4 C
1158.1 1408.8 1157.0 1407.2 1156.0 1404.8 C
S
[]0 d
0.000 0.965 0.875 0.035 K
1 j
1 J
4.900000 w
1182.2 1398.0 m
1182.5 1399.2 1182.3 1400.2 1181.6 1401.2 C
1181.0 1402.0 1180.5 1402.3 1180.0 1402.6 C
S
[]0 d
0.000 0.965 0.875 0.035 K
1 j
1 J
4.900000 w
1179.5 1403.2 m
1177.7 1403.2 L
1156.0 1403.2 L
1154.8 1403.2 L
1153.0 1402.6 1151.8 1402.0 1151.2 1401.3 C
1150.5 1400.5 1150.2 1399.6 1150.2 1398.5 C
1150.2 1398.2 1150.3 1397.8 1150.7 1397.4 C
1151.1 1397.0 1151.5 1396.6 1151.6 1396.4 C
S
[]0 d
0.000 0.965 0.875 0.035 K
1 j
1 J
4.900000 w
1182.0 1390.8 m
1182.5 1391.2 1182.8 1391.5 1183.0 1391.8 C
1183.4 1392.0 1183.6 1392.5 1183.6 1393.2 C
1183.6 1393.8 1183.1 1394.5 1182.0 1395.2 C
S
[]0 d
0.000 0.965 0.875 0.035 K
1 j
1 J
4.900000 w
1151.3 1390.8 m
1150.9 1391.0 1150.6 1391.1 1150.4 1391.2 C
1150.2 1391.5 1150.0 1391.9 1150.0 1392.5 C
1150.0 1392.8 1150.2 1393.2 1150.5 1393.8 C
1150.7 1394.2 1150.9 1394.5 1151.1 1394.8 C
S
[]0 d
0.000 0.965 0.875 0.035 K
1 j
1 J
4.900000 w
1150.9 1389.6 m
1151.3 1389.6 L
1182.0 1389.6 L
S
[]0 d
0.000 0.965 0.875 0.035 K
1 j
1 J
4.900000 w
1151.3 1389.2 m
1151.0 1383.8 1149.2 1379.0 1146.3 1374.6 C
1143.2 1370.4 1141.7 1365.5 1141.7 1360.0 C
1141.7 1353.2 1144.2 1347.2 1149.0 1342.3 C
1153.9 1337.5 1159.8 1335.0 1166.7 1335.0 C
1173.6 1335.0 1179.5 1337.5 1184.3 1342.3 C
1189.2 1347.2 1191.7 1353.2 1191.7 1360.0 C
1191.7 1365.8 1190.0 1371.0 1186.5 1375.3 C
S
[]0 d
0.000 0.965 0.875 0.035 K
1 j
1 J
4.900000 w
1182.2 1388.2 m
1182.2 1383.7 1183.7 1379.5 1186.6 1375.5 C
S
[]0 d
0.000 0.965 0.875 0.035 K
1 j
1 J
4.900000 w
1181.8 1396.0 m
1151.6 1396.0 L
S
[]0 d
0.000 0.965 0.875 0.035 K
1 j
1 J
7.350000 w
1166.0 1589.8 m
1166.0 1412.9 L
S
U
U
u
u
*u
0.000 0.000 0.200 0.000 k
1186.2 1374.6 m
1183.4 1378.2 1182.0 1382.2 1181.8 1386.3 C
1150.7 1386.3 L
1150.0 1381.7 1148.5 1377.5 1145.9 1373.7 C
1142.8 1369.5 1141.2 1364.6 1141.2 1359.1 C
1141.2 1352.2 1143.7 1346.3 1148.5 1341.4 C
1153.5 1336.5 1159.3 1334.1 1166.2 1334.1 C
1173.2 1334.1 1179.0 1336.5 1183.9 1341.4 C
1188.8 1346.3 1191.2 1352.2 1191.2 1359.1 C
1191.2 1364.9 1189.5 1370.0 1186.1 1374.3 C
1186.2 1374.6 L
f
*U
[]0 d
0.000 0.000 0.200 0.000 K
1 j
1 J
6.000000 w
1186.2 1374.6 m
1183.4 1378.2 1182.0 1382.2 1181.8 1386.3 C
1150.7 1386.3 L
1150.0 1381.7 1148.5 1377.5 1145.9 1373.7 C
1142.8 1369.5 1141.2 1364.6 1141.2 1359.1 C
1141.2 1352.2 1143.7 1346.3 1148.5 1341.4 C
1153.5 1336.5 1159.3 1334.1 1166.2 1334.1 C
1173.2 1334.1 1179.0 1336.5 1183.9 1341.4 C
1188.8 1346.3 1191.2 1352.2 1191.2 1359.1 C
1191.2 1364.9 1189.5 1370.0 1186.1 1374.3 C
S
U
U
u
u
u
U
u
u
*u
0.000 0.965 0.875 0.035 k
678.4 1240.0 m
683.8 1243.8 L
680.5 1248.5 676.5 1252.5 671.9 1255.3 C
668.4 1249.8 L
664.6 1252.2 660.4 1253.8 655.6 1254.8 C
656.9 1261.2 L
651.0 1262.2 645.4 1262.2 640.0 1261.0 C
641.4 1254.6 L
637.1 1253.7 633.0 1251.8 629.0 1249.2 C
625.4 1254.5 L
625.4 1254.5 L
620.5 1251.2 616.5 1247.2 613.5 1242.5 C
619.0 1239.0 L
616.6 1235.3 615.0 1231.0 614.1 1226.3 C
607.8 1227.5 L
607.8 1227.5 L
606.7 1221.8 606.8 1216.2 607.9 1210.8 C
614.1 1212.2 L
615.0 1207.9 617.0 1203.8 619.6 1199.8 C
614.3 1196.1 L
614.4 1196.1 614.4 1196.0 614.5 1196.0 C
617.8 1191.1 621.8 1187.2 626.4 1184.2 C
629.8 1189.7 L
633.5 1187.2 637.8 1185.6 642.5 1184.7 C
642.5 1184.7 642.5 1184.7 642.6 1184.7 C
641.5 1178.3 L
641.5 1178.3 641.5 1178.3 641.5 1178.3 C
647.2 1177.3 652.9 1177.3 658.1 1178.5 C
656.8 1184.8 L
661.1 1185.8 665.2 1187.7 669.2 1190.3 C
669.2 1190.4 669.3 1190.4 669.3 1190.4 C
673.0 1185.0 L
673.0 1185.0 673.0 1185.0 673.0 1185.0 C
677.8 1188.4 681.8 1192.3 684.7 1197.0 C
679.2 1200.5 L
681.6 1204.2 683.2 1208.5 684.1 1213.2 C
684.1 1213.2 684.1 1213.2 684.1 1213.3 C
690.5 1212.1 L
691.6 1218.0 691.5 1223.6 690.4 1229.0 C
684.0 1227.5 L
683.0 1231.8 681.1 1236.0 678.5 1239.8 C
678.4 1239.9 678.4 1240.0 678.4 1240.0 C
f
649.2 1220.0 m
649.2 1220.0 L
649.2 1219.8 L
649.2 1219.7 L
649.1 1219.7 L
649.1 1219.7 L
649.0 1219.8 L
649.1 1219.8 L
649.0 1219.9 L
649.0 1220.0 L
649.0 1220.0 L
649.2 1220.0 L
649.2 1220.1 L
649.3 1220.1 L
649.2 1220.0 L
649.2 1220.0 L
f
648.8 1219.9 m
648.9 1219.8 L
648.9 1219.8 L
648.8 1219.9 L
f
*U
U
U
u
U
u
U
u
U
U
u
u
u
*u
0.000 0.965 0.875 0.035 k
672.4 1219.8 m
672.4 1226.2 670.1 1231.6 665.6 1236.2 C
661.0 1240.7 655.5 1243.0 649.1 1243.0 C
642.8 1243.0 637.2 1240.7 632.7 1236.2 C
628.2 1231.6 625.9 1226.2 625.9 1219.8 C
625.9 1213.3 628.2 1207.8 632.7 1203.3 C
637.2 1198.8 642.8 1196.5 649.1 1196.5 C
655.5 1196.5 661.0 1198.8 665.6 1203.3 C
670.1 1207.8 672.4 1213.3 672.4 1219.8 C
f
*U
U
U
U
u
u
*u
1.000 g
664.2 1219.8 m
664.2 1223.9 662.8 1227.5 659.8 1230.5 C
656.9 1233.4 653.3 1234.8 649.1 1234.8 C
645.0 1234.8 641.5 1233.4 638.5 1230.5 C
635.5 1227.5 634.0 1223.9 634.0 1219.8 C
634.0 1215.6 635.5 1212.0 638.5 1209.1 C
641.5 1206.2 645.0 1204.7 649.1 1204.7 C
653.3 1204.7 656.9 1206.2 659.8 1209.1 C
662.8 1212.0 664.2 1215.6 664.2 1219.8 C
f
*U
U
U
U
u
U
u
U
%%PageTrailer
gsave annotatepage grestore showpage
%%Trailer
Adobe_Illustrator_AI5 /terminate get exec
Adobe_ColorImage_AI6 /terminate get exec
Adobe_blend_AI5 /terminate get exec
Adobe_typography_AI5 /terminate get exec
Adobe_screens_AI5 /terminate get exec
%Adobe_level2_AI5 /terminate get exec
%%EOF
