%!PS-Adobe-3.0 
%%Creator: Adobe Illustrator(r) 6.0
%%For: (Macromedia Flash) ()
%%Title: (bulb red lit.ai)
%%CreationDate: (10/19/15) (14:09:41)
%%BoundingBox: 0 0 2350 1804
%%HiResBoundingBox: 0.0 0.0 2349.1 1803.8
%%DocumentProcessColors: Cyan Magenta Yellow Black
%%DocumentNeededResources: procset Adobe_level2_AI5 1.0 0
%%+ procset Adobe_screens_AI5 1.0 0
%%+ procset Adobe_typography_AI5 1.0 0
%%+ procset Adobe_blend_AI5 1.0 0
%%+ procset Adobe_Illustrator_AI6_vars Adobe_Illustrator_AI6
%%+ procset Adobe_Illustrator_AI5 1.0 0
%AI5_FileFormat 2.0
%AI3_ColorUsage: Color
%AI3_TemplateBox: 306 396 306 396
%AI3_TileBox: 807 192 1522 1291
%AI3_DocumentPreview: None
%%EndComments
%%BeginProlog
%%IncludeResource: procset Adobe_level2_AI5 1.0 0
%%IncludeResource: procset Adobe_screens_AI5 1.0 0
%%IncludeResource: procset Adobe_typography_AI5 1.0 0
%%IncludeResource: procset Adobe_blend_AI5 1.0 0
%%IncludeResource: procset Adobe_Illustrator_AI6_vars Adobe_Illustrator_AI6
%%IncludeResource: procset Adobe_Illustrator_AI5 1.0 0
%%EndProlog
%%BeginSetup
Adobe_level2_AI5 /initialize get exec
Adobe_screens_AI5 /initialize get exec
Adobe_Illustrator_AI5_vars Adobe_Illustrator_AI5 Adobe_typography_AI5 /initialize get exec
Adobe_Illustrator_AI5_vars Adobe_Illustrator_AI5 Adobe_blend_AI5 /initialize get exec
Adobe_ColorImage_AI6 /initialize get exec
Adobe_Illustrator_AI5 /initialize get exec
0 Bn
%%EndSetup
u
*u
0.000 g
1952.5 1477.2 m
1952.5 1479.2 1951.5 1480.2 1949.5 1480.2 C
245.2 1480.2 L
243.2 1480.2 242.2 1479.2 242.2 1477.2 C
242.2 40.5 L
242.2 38.5 243.2 37.5 245.2 37.5 C
1949.5 37.5 L
1951.5 37.5 1952.5 38.5 1952.5 40.5 C
1952.5 1477.2 L
f
*U
U
u
U
u
u
u
*u
0.000 0.965 0.875 0.035 k
1402.4 1038.3 m
1402.4 1047.2 1399.4 1054.7 1393.5 1061.0 C
1372.0 1070.3 L
955.5 1070.3 L
934.0 1061.0 L
928.1 1054.7 925.1 1047.2 925.1 1038.3 C
925.1 1029.5 928.1 1022.0 934.0 1015.7 C
940.0 1009.5 947.1 1006.3 955.5 1006.3 C
1372.0 1006.3 L
1380.3 1006.3 1387.5 1009.5 1393.5 1015.7 C
1399.4 1022.0 1402.4 1029.5 1402.4 1038.3 C
f
*U
[]0 d
0.000 0.965 0.875 0.035 K
1 j
1 J
8.000000 w
1402.4 1038.3 m
1402.4 1029.5 1399.4 1022.0 1393.5 1015.7 C
1387.5 1009.5 1380.3 1006.3 1372.0 1006.3 C
955.5 1006.3 L
947.1 1006.3 940.0 1009.5 934.0 1015.7 C
928.1 1022.0 925.1 1029.5 925.1 1038.3 C
925.1 1047.2 928.1 1054.7 934.0 1061.0 C
940.0 1067.2 947.1 1070.3 955.5 1070.3 C
1372.0 1070.3 L
1380.3 1070.3 1387.5 1067.2 1393.5 1061.0 C
1399.4 1054.7 1402.4 1047.2 1402.4 1038.3 C
S
U
U
u
u
u
*u
1.000 g
987.0 1063.2 m
980.1 1056.3 976.6 1048.0 976.6 1038.2 C
976.6 1028.5 980.1 1020.1 987.0 1013.2 C
993.9 1006.3 1002.2 1002.9 1012.0 1002.9 C
1021.8 1002.9 1030.0 1006.3 1037.0 1013.2 C
1043.9 1020.1 1047.3 1028.5 1047.3 1038.2 C
1047.3 1048.0 1043.9 1056.3 1037.0 1063.2 C
1030.0 1070.1 1021.8 1073.5 1012.0 1073.5 C
1002.2 1073.5 993.9 1070.1 987.0 1063.2 C
f
*U
U
U
U
U
u
u
0.000 0.965 0.875 0.035 k
/_Courier 55.000 55.000 0 0 z
[1.0000 0.0000 0.0000 1.0000 1091.650 1085.550]e
(  mins)t
T
U
u
0.000 0.965 0.875 0.035 k
/_Courier 55.000 55.000 0 0 z
[1.0000 0.0000 0.0000 1.0000 1080.300 1084.550]e
(5)t
T
U
U
u
U
u
u
U
u
u
*u
0.000 0.965 0.875 0.035 k
1218.7 630.2 m
1228.7 615.6 L
1241.7 624.6 1252.2 635.4 1260.1 647.7 C
1245.2 657.2 L
1251.6 667.4 1256.0 678.8 1258.4 691.5 C
1275.7 688.2 L
1278.7 704.0 1278.5 719.1 1275.2 733.6 C
1258.1 729.8 L
1255.5 741.5 1250.5 752.6 1243.3 763.3 C
1257.7 773.2 L
1257.7 773.2 L
1248.7 786.5 1237.9 797.0 1225.5 805.0 C
1216.0 790.2 L
1205.9 796.8 1194.5 801.1 1181.8 803.6 C
1185.0 820.6 L
1184.9 820.6 L
1169.3 823.5 1154.4 823.5 1140.0 820.4 C
1143.8 803.4 L
1132.0 800.9 1120.8 795.9 1110.0 788.6 C
1100.2 802.9 L
1100.2 802.8 1100.0 802.8 1099.9 802.6 C
1086.8 793.6 1076.2 782.9 1068.2 770.5 C
1082.8 761.1 L
1076.3 751.0 1071.9 739.6 1069.5 726.8 C
1069.5 726.8 1069.5 726.8 1069.5 726.7 C
1052.5 729.9 L
1052.5 729.9 1052.5 729.9 1052.5 729.8 C
1049.5 714.1 1049.7 699.1 1052.8 684.8 C
1069.9 688.5 L
1072.5 676.8 1077.4 665.5 1084.8 654.9 C
1084.8 654.8 1084.8 654.8 1084.8 654.8 C
1070.5 644.9 L
1070.5 644.8 1070.5 644.8 1070.5 644.8 C
1079.5 631.7 1090.2 621.1 1102.6 613.1 C
1112.1 628.0 L
1122.2 621.5 1133.7 617.1 1146.3 614.7 C
1146.4 614.7 1146.5 614.7 1146.5 614.7 C
1143.3 597.4 L
1159.2 594.5 1174.3 594.6 1188.9 597.9 C
1185.1 615.1 L
1196.7 617.8 1207.7 622.8 1218.3 630.0 C
1218.4 630.0 1218.5 630.1 1218.7 630.2 C
f
1164.5 708.8 m
1164.5 708.9 L
1164.2 708.9 L
1164.0 708.9 L
1164.0 709.0 L
1163.8 709.1 L
1164.0 709.3 L
1164.1 709.2 L
1164.4 709.3 L
1164.6 709.4 L
1164.5 709.3 L
1164.7 709.0 L
1165.0 708.9 L
1164.9 708.6 L
1164.6 708.9 L
1164.5 708.8 L
f
1164.3 710.1 m
1164.2 709.6 L
1164.0 709.9 L
1164.3 710.1 L
f
*U
U
U
u
U
u
U
u
U
U
u
u
u
*u
0.000 0.965 0.875 0.035 k
1340.9 709.0 m
1340.9 757.8 1323.6 799.5 1289.0 834.0 C
1254.6 868.5 1212.9 885.8 1164.0 885.8 C
1115.3 885.8 1073.6 868.5 1039.0 834.0 C
1004.5 799.5 987.2 757.8 987.2 709.0 C
987.2 660.1 1004.5 618.5 1039.0 584.0 C
1073.6 549.4 1115.3 532.1 1164.0 532.1 C
1212.9 532.1 1254.6 549.4 1289.0 584.0 C
1323.6 618.5 1340.9 660.1 1340.9 709.0 C
f
*U
U
U
U
u
u
u
*u
0.000 0.965 0.875 0.035 k
1018.2 315.8 m
1018.2 316.0 1018.2 316.1 1018.1 316.2 C
1017.8 317.6 1016.4 319.4 1014.0 321.6 C
1012.0 323.4 1009.8 324.6 1007.3 325.2 C
1005.8 325.6 1004.1 325.9 1002.4 325.9 C
1000.6 325.9 999.0 325.6 997.4 325.2 C
994.9 324.6 992.7 323.4 990.7 321.6 C
989.1 320.2 987.9 318.6 987.0 316.9 C
987.0 316.9 L
987.0 316.6 986.9 316.4 986.9 316.2 C
986.8 316.2 986.8 316.2 986.8 316.2 C
986.5 315.6 986.2 314.9 986.1 314.2 C
984.0 296.9 979.2 284.0 972.0 275.6 C
973.4 276.6 976.1 277.5 980.3 278.4 C
984.1 279.1 988.4 279.5 993.1 279.8 C
996.1 279.9 999.3 280.1 1002.6 280.1 C
1005.7 280.1 1008.6 279.9 1011.4 279.9 C
1016.5 279.6 1021.0 279.1 1025.0 278.4 C
1029.5 277.4 1032.3 276.4 1033.6 275.3 C
1026.7 283.8 1021.5 297.3 1018.2 315.8 C
f
*U
[]0 d
0.000 0.965 0.875 0.035 K
1 j
1 J
4.700000 w
1011.4 279.9 m
1016.5 279.6 1021.0 279.1 1025.0 278.4 C
1029.5 277.4 1032.3 276.4 1033.6 275.3 C
S
[]0 d
0.000 0.965 0.875 0.035 K
1 j
1 J
4.700000 w
1033.6 275.3 m
1026.7 283.8 1021.5 297.3 1018.2 315.8 C
1018.2 316.0 1018.2 316.1 1018.1 316.2 C
1017.8 317.6 1016.4 319.4 1014.0 321.6 C
1012.0 323.4 1009.8 324.6 1007.3 325.2 C
S
[]0 d
0.000 0.965 0.875 0.035 K
1 j
1 J
4.700000 w
1004.8 332.1 m
1004.1 332.8 1003.3 333.1 1002.4 333.1 C
1001.5 333.1 1000.6 332.8 1000.0 332.1 C
999.3 331.5 999.0 330.7 999.0 329.8 C
999.0 328.8 999.3 328.0 1000.0 327.4 C
1000.6 326.7 1001.5 326.4 1002.4 326.4 C
1003.3 326.4 1004.1 326.7 1004.8 327.4 C
1005.4 328.0 1005.8 328.8 1005.8 329.8 C
1005.8 330.7 1005.4 331.5 1004.8 332.1 C
S
[]0 d
0.000 0.965 0.875 0.035 K
1 j
1 J
4.700000 w
997.4 325.2 m
994.9 324.6 992.7 323.4 990.7 321.6 C
989.1 320.2 987.9 318.6 987.0 316.9 C
987.0 316.9 L
987.0 316.6 986.9 316.4 986.9 316.2 C
986.8 316.2 986.8 316.2 986.8 316.2 C
986.5 315.6 986.2 314.9 986.1 314.2 C
984.0 296.9 979.2 284.0 972.0 275.6 C
S
[]0 d
0.000 0.965 0.875 0.035 K
1 j
1 J
4.700000 w
1007.3 325.2 m
1005.8 325.6 1004.1 325.9 1002.4 325.9 C
1000.6 325.9 999.0 325.6 997.4 325.2 C
S
[]0 d
0.000 0.965 0.875 0.035 K
1 j
1 J
4.700000 w
993.1 279.8 m
996.1 279.9 999.3 280.1 1002.6 280.1 C
1005.7 280.1 1008.6 279.9 1011.4 279.9 C
S
[]0 d
0.000 0.965 0.875 0.035 K
1 j
1 J
4.700000 w
972.0 275.6 m
971.6 275.3 971.4 275.1 971.2 274.7 C
971.1 274.6 971.1 274.6 971.1 274.5 C
971.1 274.4 971.0 274.2 971.0 274.1 C
971.0 272.4 974.1 271.1 980.3 269.9 C
986.5 268.8 994.0 268.1 1002.6 268.1 C
1011.4 268.1 1018.8 268.8 1025.0 269.9 C
1031.1 271.1 1034.2 272.4 1034.2 274.1 C
1034.2 274.1 1034.2 274.2 1034.2 274.2 C
1034.2 274.2 1034.2 274.4 1034.2 274.4 C
1034.1 274.5 1034.1 274.6 1034.0 274.8 C
1034.0 274.9 L
1033.9 275.0 1033.8 275.1 1033.6 275.3 C
S
[]0 d
0.000 0.965 0.875 0.035 K
1 j
1 J
4.700000 w
1011.4 279.9 m
1011.6 279.1 1011.8 278.2 1011.8 277.4 C
1011.8 275.3 1010.9 273.5 1009.0 271.9 C
1007.1 270.5 1004.9 269.8 1002.2 269.8 C
999.6 269.8 997.4 270.5 995.5 271.9 C
993.6 273.5 992.6 275.3 992.6 277.4 C
992.6 278.2 992.8 279.1 993.1 279.8 C
S
[]0 d
0.000 0.965 0.875 0.035 K
1 j
1 J
4.700000 w
972.0 275.6 m
973.4 276.6 976.1 277.5 980.3 278.4 C
984.1 279.1 988.4 279.5 993.1 279.8 C
S
[]0 d
0.000 0.965 0.875 0.035 K
1 j
1 J
4.700000 w
1007.3 325.2 m
1008.4 326.4 1008.9 327.9 1008.9 329.5 C
1008.9 331.3 1008.2 332.9 1007.0 334.1 C
1005.7 335.4 1004.1 336.1 1002.4 336.1 C
1000.5 336.1 999.0 335.4 997.7 334.1 C
996.5 332.9 995.8 331.3 995.8 329.5 C
995.8 327.9 996.4 326.4 997.4 325.2 C
S
U
U
U
u
U
u
u
[]0 d
0.000 0.965 0.875 0.035 K
1 j
1 J
4.000000 w
1136.5 333.7 m
1138.5 333.7 1139.5 332.7 1139.5 330.7 C
1139.5 272.6 L
1139.5 270.6 1138.5 269.6 1136.5 269.6 C
1125.0 269.6 L
1123.5 269.6 1122.6 270.1 1122.2 271.2 C
1122.1 271.6 1122.0 272.1 1122.0 272.6 C
1122.0 330.7 L
1122.0 331.2 1122.1 331.7 1122.2 332.1 C
1122.6 333.1 1123.5 333.7 1125.0 333.7 C
1136.5 333.7 L
S
[]0 d
0.000 0.965 0.875 0.035 K
1 j
1 J
4.000000 w
1104.8 332.1 m
1105.1 333.1 1106.0 333.7 1107.5 333.7 C
1119.0 333.7 L
1121.0 333.7 1122.0 332.7 1122.0 330.7 C
1122.0 272.6 L
1122.0 270.6 1121.0 269.6 1119.0 269.6 C
1107.5 269.6 L
1106.0 269.6 1105.1 270.1 1104.8 271.2 C
S
[]0 d
0.000 0.965 0.875 0.035 K
1 j
1 J
4.000000 w
1104.8 332.1 m
1104.6 331.7 1104.5 331.2 1104.5 330.7 C
1104.5 272.6 L
1104.5 272.1 1104.6 271.6 1104.8 271.2 C
S
[]0 d
0.000 0.965 0.875 0.035 K
1 j
1 J
4.000000 w
1104.8 271.2 m
1104.3 270.1 1103.4 269.6 1102.0 269.6 C
1090.5 269.6 L
1088.5 269.6 1087.5 270.6 1087.5 272.6 C
1087.5 330.7 L
1087.5 332.7 1088.5 333.7 1090.5 333.7 C
1102.0 333.7 L
1103.4 333.7 1104.3 333.1 1104.8 332.1 C
S
U
u
*u
0.000 0.965 0.875 0.035 k
1126.7 330.8 m
1126.7 332.8 1125.7 333.8 1123.7 333.8 C
1120.0 333.8 L
1118.0 333.8 1117.0 332.8 1117.0 330.8 C
1117.0 295.6 L
1117.0 293.6 1118.0 292.6 1120.0 292.6 C
1123.7 292.6 L
1125.7 292.6 1126.7 293.6 1126.7 295.6 C
1126.7 330.8 L
f
*U
*u
0.000 0.965 0.875 0.035 k
1102.5 333.8 m
1100.5 333.8 1099.5 332.8 1099.5 330.8 C
1099.5 295.6 L
1099.5 293.6 1100.5 292.6 1102.5 292.6 C
1106.2 292.6 L
1108.2 292.6 1109.2 293.6 1109.2 295.6 C
1109.2 330.8 L
1109.2 332.8 1108.2 333.8 1106.2 333.8 C
1102.5 333.8 L
f
*U
[]0 d
0.000 0.965 0.875 0.035 K
1 j
1 J
4.000000 w
1126.7 330.8 m
1126.7 295.6 L
1126.7 293.6 1125.7 292.6 1123.7 292.6 C
1120.0 292.6 L
1118.0 292.6 1117.0 293.6 1117.0 295.6 C
1117.0 330.8 L
1117.0 332.8 1118.0 333.8 1120.0 333.8 C
1123.7 333.8 L
1125.7 333.8 1126.7 332.8 1126.7 330.8 C
S
[]0 d
0.000 0.965 0.875 0.035 K
1 j
1 J
4.000000 w
1102.5 333.8 m
1106.2 333.8 L
1108.2 333.8 1109.2 332.8 1109.2 330.8 C
1109.2 295.6 L
1109.2 293.6 1108.2 292.6 1106.2 292.6 C
1102.5 292.6 L
1100.5 292.6 1099.5 293.6 1099.5 295.6 C
1099.5 330.8 L
1099.5 332.8 1100.5 333.8 1102.5 333.8 C
S
U
U
u
u
*u
0.000 0.965 0.875 0.035 k
1246.9 304.9 m
1246.2 311.8 1243.5 317.6 1238.8 322.6 C
1235.8 325.7 1232.1 327.8 1227.8 328.8 C
1228.0 327.6 L
1227.9 327.7 1227.8 327.8 1227.6 327.9 C
1227.8 328.8 L
1221.5 330.3 1215.0 329.9 1208.8 327.4 C
1202.0 324.8 1197.3 320.1 1194.5 313.5 C
1191.7 307.0 1191.5 300.4 1193.8 293.9 C
1196.2 287.4 1200.4 282.3 1206.6 278.9 C
1212.2 275.8 1218.2 274.6 1224.5 275.6 C
1231.3 276.6 1236.8 279.9 1240.8 285.6 C
1241.1 285.9 L
1245.5 291.5 1247.5 297.9 1246.9 304.9 C
f
1236.6 322.1 m
1237.0 322.5 L
1238.2 321.6 L
1237.8 320.8 L
1242.4 315.9 1244.7 310.1 1244.6 303.4 C
1244.5 296.4 1242.0 290.4 1237.0 285.4 C
1232.0 280.5 1226.0 278.1 1219.0 278.2 C
1211.7 278.4 1205.5 281.2 1200.7 286.6 C
1195.9 292.0 1193.9 298.3 1194.8 305.6 C
1195.5 310.9 1197.6 315.6 1201.2 319.6 C
1205.8 324.6 1211.5 327.4 1218.3 327.9 C
1225.2 328.4 1231.2 326.4 1236.6 322.1 C
f
*U
*u
0.000 0.965 0.875 0.035 k
1237.8 320.8 m
1236.6 322.1 L
1231.2 326.4 1225.2 328.4 1218.3 327.9 C
1211.5 327.4 1205.8 324.6 1201.2 319.6 C
1197.6 315.6 1195.5 310.9 1194.8 305.6 C
1193.9 298.3 1195.9 292.0 1200.7 286.6 C
1205.5 281.2 1211.7 278.4 1219.0 278.2 C
1226.0 278.1 1232.0 280.5 1237.0 285.4 C
1242.0 290.4 1244.5 296.4 1244.6 303.4 C
1244.7 310.1 1242.4 315.9 1237.8 320.8 C
f
1212.8 310.4 m
1214.7 312.4 1217.0 313.3 1219.6 313.3 C
1222.3 313.3 1224.5 312.4 1226.5 310.4 C
1228.3 308.6 1229.3 306.3 1229.3 303.6 C
1229.3 300.9 1228.3 298.6 1226.5 296.8 C
1224.5 294.9 1222.3 293.9 1219.6 293.9 C
1217.0 293.9 1214.7 294.9 1212.8 296.8 C
1210.9 298.6 1210.0 300.9 1210.0 303.6 C
1210.0 306.3 1210.9 308.6 1212.8 310.4 C
f
*U
*u
0.000 0.965 0.875 0.035 k
1219.6 313.3 m
1217.0 313.3 1214.7 312.4 1212.8 310.4 C
1210.9 308.6 1210.0 306.3 1210.0 303.6 C
1210.0 300.9 1210.9 298.6 1212.8 296.8 C
1214.7 294.9 1217.0 293.9 1219.6 293.9 C
1222.3 293.9 1224.5 294.9 1226.5 296.8 C
1228.3 298.6 1229.3 300.9 1229.3 303.6 C
1229.3 306.3 1228.3 308.6 1226.5 310.4 C
1224.5 312.4 1222.3 313.3 1219.6 313.3 C
f
1213.6 309.5 m
1215.2 311.1 1217.2 311.9 1219.5 311.9 C
1221.7 311.9 1223.7 311.1 1225.3 309.5 C
1227.0 307.9 1227.7 305.9 1227.7 303.6 C
1227.7 301.4 1227.0 299.4 1225.3 297.8 C
1223.7 296.1 1221.7 295.4 1219.5 295.4 C
1217.2 295.4 1215.2 296.1 1213.6 297.8 C
1212.0 299.4 1211.2 301.4 1211.2 303.6 C
1211.2 305.9 1212.0 307.9 1213.6 309.5 C
f
*U
[]0 d
0.000 0.965 0.875 0.035 K
1 j
1 J
4.700000 w
1219.6 313.3 m
1222.3 313.3 1224.5 312.4 1226.5 310.4 C
1228.3 308.6 1229.3 306.3 1229.3 303.6 C
1229.3 300.9 1228.3 298.6 1226.5 296.8 C
1224.5 294.9 1222.3 293.9 1219.6 293.9 C
1217.0 293.9 1214.7 294.9 1212.8 296.8 C
1210.9 298.6 1210.0 300.9 1210.0 303.6 C
1210.0 306.3 1210.9 308.6 1212.8 310.4 C
1214.7 312.4 1217.0 313.3 1219.6 313.3 C
S
[]0 d
0.000 0.965 0.875 0.035 K
1 j
1 J
4.700000 w
1196.7 257.1 m
1195.7 261.3 1194.7 265.5 1193.7 269.7 C
1191.8 277.9 1190.3 286.2 1189.0 294.6 C
1188.2 300.4 1188.5 306.1 1190.2 311.9 C
1192.4 319.6 1197.0 325.4 1203.8 329.4 C
1212.0 334.2 1220.7 335.1 1230.0 332.0 C
1236.9 329.7 1242.6 325.4 1247.0 319.1 C
1247.1 318.9 1247.1 318.9 1247.2 318.8 C
1250.3 312.8 1251.4 306.4 1250.5 299.6 C
1243.7 257.4 L
S
[]0 d
0.000 0.965 0.875 0.035 K
1 j
1 J
4.700000 w
1219.5 311.9 m
1221.7 311.9 1223.7 311.1 1225.3 309.5 C
1227.0 307.9 1227.7 305.9 1227.7 303.6 C
1227.7 301.4 1227.0 299.4 1225.3 297.8 C
1223.7 296.1 1221.7 295.4 1219.5 295.4 C
1217.2 295.4 1215.2 296.1 1213.6 297.8 C
1212.0 299.4 1211.2 301.4 1211.2 303.6 C
1211.2 305.9 1212.0 307.9 1213.6 309.5 C
1215.2 311.1 1217.2 311.9 1219.5 311.9 C
S
[]0 d
0.000 0.965 0.875 0.035 K
1 j
1 J
4.700000 w
1236.6 322.1 m
1231.2 326.4 1225.2 328.4 1218.3 327.9 C
1211.5 327.4 1205.8 324.6 1201.2 319.6 C
1197.6 315.6 1195.5 310.9 1194.8 305.6 C
1193.9 298.3 1195.9 292.0 1200.7 286.6 C
1205.5 281.2 1211.7 278.4 1219.0 278.2 C
1226.0 278.1 1232.0 280.5 1237.0 285.4 C
1242.0 290.4 1244.5 296.4 1244.6 303.4 C
1244.7 310.1 1242.4 315.9 1237.8 320.8 C
1236.6 322.1 L
S
[]0 d
0.000 0.965 0.875 0.035 K
1 j
1 J
4.700000 w
1190.7 256.9 m
1196.7 257.1 L
S
[]0 d
0.000 0.965 0.875 0.035 K
1 j
1 J
4.700000 w
1256.0 257.4 m
1243.7 257.4 L
S
[]0 d
0.000 0.965 0.875 0.035 K
1 j
1 J
4.700000 w
1243.7 257.4 m
1196.7 257.1 L
S
U
U
u
U
u
u
*u
1.000 g
1346.7 312.6 m
1351.4 313.4 1354.3 314.4 1355.6 315.6 C
1356.0 315.9 1356.2 316.4 1356.2 316.8 C
1356.2 318.4 1353.1 319.9 1346.7 321.1 C
1340.4 322.2 1332.7 322.8 1323.8 322.8 C
1314.8 322.8 1307.0 322.2 1300.7 321.1 C
1294.3 319.9 1291.2 318.4 1291.2 316.8 C
1291.2 316.7 1291.2 316.7 1291.2 316.6 C
1291.2 316.4 1291.2 316.4 1291.3 316.2 C
1292.0 314.9 1295.2 313.6 1300.7 312.6 C
1307.0 311.4 1314.8 310.9 1323.8 310.9 C
1332.7 310.9 1340.4 311.4 1346.7 312.6 C
f
*U
*u
0.000 0.965 0.875 0.035 k
1355.6 315.6 m
1354.3 314.4 1351.4 313.4 1346.7 312.6 C
1340.4 311.4 1332.7 310.9 1323.8 310.9 C
1314.8 310.9 1307.0 311.4 1300.7 312.6 C
1295.2 313.6 1292.0 314.9 1291.3 316.2 C
1293.2 302.1 1296.5 291.5 1301.5 284.4 C
1301.6 284.4 1301.6 284.4 1301.7 284.4 C
1301.7 284.3 1301.7 284.2 1301.7 284.1 C
1302.2 283.1 1304.3 282.3 1308.1 281.6 C
1312.5 280.8 1317.7 280.4 1323.8 280.4 C
1329.9 280.4 1335.1 280.8 1339.5 281.6 C
1343.8 282.4 1346.0 283.4 1346.0 284.5 C
1346.0 284.6 1346.0 284.6 1346.0 284.7 C
1351.0 293.1 1354.2 303.4 1355.6 315.6 C
f
*U
[]0 d
0.000 0.965 0.875 0.035 K
1 j
1 J
4.650000 w
1355.6 315.6 m
1354.3 314.4 1351.4 313.4 1346.7 312.6 C
1340.4 311.4 1332.7 310.9 1323.8 310.9 C
1314.8 310.9 1307.0 311.4 1300.7 312.6 C
1295.2 313.6 1292.0 314.9 1291.3 316.2 C
S
[]0 d
0.000 0.965 0.875 0.035 K
1 j
1 J
4.650000 w
1355.6 315.6 m
1356.0 315.9 1356.2 316.4 1356.2 316.8 C
1356.2 318.4 1353.1 319.9 1346.7 321.1 C
1340.4 322.2 1332.7 322.8 1323.8 322.8 C
1314.8 322.8 1307.0 322.2 1300.7 321.1 C
1294.3 319.9 1291.2 318.4 1291.2 316.8 C
1291.2 316.7 1291.2 316.7 1291.2 316.6 C
1291.2 316.4 1291.2 316.4 1291.3 316.2 C
S
[]0 d
0.000 0.965 0.875 0.035 K
1 j
1 J
4.650000 w
1291.3 316.2 m
1293.2 302.1 1296.5 291.5 1301.5 284.4 C
1301.6 284.4 1301.6 284.4 1301.7 284.4 C
1301.7 284.3 1301.7 284.2 1301.7 284.1 C
1302.2 283.1 1304.3 282.3 1308.1 281.6 C
1312.5 280.8 1317.7 280.4 1323.8 280.4 C
1329.9 280.4 1335.1 280.8 1339.5 281.6 C
1343.8 282.4 1346.0 283.4 1346.0 284.5 C
1346.0 284.6 1346.0 284.6 1346.0 284.7 C
1351.0 293.1 1354.2 303.4 1355.6 315.6 C
S
U
U
u
u
u
u
*u
0.000 0.965 0.875 0.035 k
1472.0 1189.6 m
1472.0 1189.6 1472.0 1189.6 1472.0 1189.6 C
1468.9 1189.6 1466.2 1188.5 1464.0 1186.2 C
1461.8 1184.0 1460.7 1181.3 1460.7 1178.2 C
1460.7 1178.2 1460.7 1178.2 1460.7 1178.2 C
1460.7 1175.0 1461.8 1172.3 1464.0 1170.2 C
1466.2 1167.9 1468.9 1166.8 1472.0 1166.8 C
1475.2 1166.8 1477.9 1167.9 1480.1 1170.2 C
1482.3 1172.3 1483.5 1175.0 1483.5 1178.2 C
1483.5 1181.3 1482.3 1184.0 1480.1 1186.2 C
1477.9 1188.5 1475.2 1189.6 1472.0 1189.6 C
f
*U
[]0 d
0.000 0.965 0.875 0.035 K
1 j
1 J
0.650000 w
1472.0 1189.6 m
1468.9 1189.6 1466.2 1188.5 1464.0 1186.2 C
1461.8 1184.0 1460.7 1181.3 1460.7 1178.2 C
1460.7 1178.2 1460.7 1178.2 1460.7 1178.2 C
1460.7 1175.0 1461.8 1172.3 1464.0 1170.2 C
1466.2 1167.9 1468.9 1166.8 1472.0 1166.8 C
1475.2 1166.8 1477.9 1167.9 1480.1 1170.2 C
1482.3 1172.3 1483.5 1175.0 1483.5 1178.2 C
1483.5 1181.3 1482.3 1184.0 1480.1 1186.2 C
1477.9 1188.5 1475.2 1189.6 1472.0 1189.6 C
1472.0 1189.6 1472.0 1189.6 1472.0 1189.6 C
S
U
U
u
u
*u
0.000 0.965 0.875 0.035 k
1442.5 1189.5 m
1442.5 1189.5 1442.5 1189.5 1442.5 1189.5 C
1439.3 1189.5 1436.7 1188.5 1434.5 1186.2 C
1432.2 1184.0 1431.1 1181.3 1431.1 1178.2 C
1431.1 1178.2 1431.1 1178.2 1431.1 1178.2 C
1431.1 1175.0 1432.2 1172.3 1434.5 1170.1 C
1436.7 1167.8 1439.3 1166.8 1442.5 1166.8 C
1445.7 1166.8 1448.3 1167.8 1450.5 1170.1 C
1452.8 1172.3 1453.9 1175.0 1453.9 1178.2 C
1453.9 1181.3 1452.8 1184.0 1450.5 1186.2 C
1448.3 1188.5 1445.7 1189.5 1442.5 1189.5 C
f
*U
[]0 d
0.000 0.965 0.875 0.035 K
1 j
1 J
0.650000 w
1442.5 1189.5 m
1439.3 1189.5 1436.7 1188.5 1434.5 1186.2 C
1432.2 1184.0 1431.1 1181.3 1431.1 1178.2 C
1431.1 1178.2 1431.1 1178.2 1431.1 1178.2 C
1431.1 1175.0 1432.2 1172.3 1434.5 1170.1 C
1436.7 1167.8 1439.3 1166.8 1442.5 1166.8 C
1445.7 1166.8 1448.3 1167.8 1450.5 1170.1 C
1452.8 1172.3 1453.9 1175.0 1453.9 1178.2 C
1453.9 1181.3 1452.8 1184.0 1450.5 1186.2 C
1448.3 1188.5 1445.7 1189.5 1442.5 1189.5 C
1442.5 1189.5 1442.5 1189.5 1442.5 1189.5 C
S
U
U
u
u
*u
0.000 0.965 0.875 0.035 k
1472.0 1219.1 m
1472.0 1219.1 1472.0 1219.1 1472.0 1219.1 C
1468.9 1219.1 1466.2 1218.0 1464.0 1215.8 C
1461.8 1213.5 1460.7 1210.8 1460.7 1207.7 C
1460.7 1207.7 1460.7 1207.7 1460.7 1207.7 C
1460.7 1204.5 1461.8 1201.8 1464.0 1199.7 C
1466.2 1197.4 1468.9 1196.3 1472.0 1196.3 C
1475.2 1196.3 1477.9 1197.4 1480.1 1199.7 C
1482.3 1201.8 1483.5 1204.5 1483.5 1207.7 C
1483.5 1210.8 1482.3 1213.5 1480.1 1215.8 C
1477.9 1218.0 1475.2 1219.1 1472.0 1219.1 C
f
*U
[]0 d
0.000 0.965 0.875 0.035 K
1 j
1 J
0.650000 w
1472.0 1219.1 m
1468.9 1219.1 1466.2 1218.0 1464.0 1215.8 C
1461.8 1213.5 1460.7 1210.8 1460.7 1207.7 C
1460.7 1207.7 1460.7 1207.7 1460.7 1207.7 C
1460.7 1204.5 1461.8 1201.8 1464.0 1199.7 C
1466.2 1197.4 1468.9 1196.3 1472.0 1196.3 C
1475.2 1196.3 1477.9 1197.4 1480.1 1199.7 C
1482.3 1201.8 1483.5 1204.5 1483.5 1207.7 C
1483.5 1210.8 1482.3 1213.5 1480.1 1215.8 C
1477.9 1218.0 1475.2 1219.1 1472.0 1219.1 C
1472.0 1219.1 1472.0 1219.1 1472.0 1219.1 C
S
U
U
u
u
*u
0.000 0.965 0.875 0.035 k
1442.5 1219.1 m
1442.5 1219.1 1442.5 1219.1 1442.5 1219.1 C
1439.3 1219.1 1436.7 1218.0 1434.5 1215.8 C
1432.2 1213.5 1431.1 1210.8 1431.1 1207.7 C
1431.1 1207.7 1431.1 1207.7 1431.1 1207.7 C
1431.1 1204.5 1432.2 1201.8 1434.5 1199.7 C
1436.7 1197.4 1439.3 1196.3 1442.5 1196.3 C
1445.7 1196.3 1448.3 1197.4 1450.5 1199.7 C
1452.8 1201.8 1453.9 1204.5 1453.9 1207.7 C
1453.9 1210.8 1452.8 1213.5 1450.5 1215.8 C
1448.3 1218.0 1445.7 1219.1 1442.5 1219.1 C
f
*U
[]0 d
0.000 0.965 0.875 0.035 K
1 j
1 J
0.650000 w
1442.5 1219.1 m
1439.3 1219.1 1436.7 1218.0 1434.5 1215.8 C
1432.2 1213.5 1431.1 1210.8 1431.1 1207.7 C
1431.1 1207.7 1431.1 1207.7 1431.1 1207.7 C
1431.1 1204.5 1432.2 1201.8 1434.5 1199.7 C
1436.7 1197.4 1439.3 1196.3 1442.5 1196.3 C
1445.7 1196.3 1448.3 1197.4 1450.5 1199.7 C
1452.8 1201.8 1453.9 1204.5 1453.9 1207.7 C
1453.9 1210.8 1452.8 1213.5 1450.5 1215.8 C
1448.3 1218.0 1445.7 1219.1 1442.5 1219.1 C
1442.5 1219.1 1442.5 1219.1 1442.5 1219.1 C
S
U
U
u
u
*u
0.000 0.965 0.875 0.035 k
1472.0 1248.6 m
1472.0 1248.6 1472.0 1248.6 1472.0 1248.6 C
1468.9 1248.6 1466.2 1247.5 1464.0 1245.2 C
1461.8 1243.0 1460.7 1240.3 1460.7 1237.2 C
1460.7 1237.2 1460.7 1237.2 1460.7 1237.2 C
1460.7 1234.0 1461.8 1231.3 1464.0 1229.2 C
1466.2 1226.9 1468.9 1225.8 1472.0 1225.8 C
1475.2 1225.8 1477.9 1226.9 1480.1 1229.2 C
1482.3 1231.3 1483.5 1234.0 1483.5 1237.2 C
1483.5 1240.3 1482.3 1243.0 1480.1 1245.2 C
1477.9 1247.5 1475.2 1248.6 1472.0 1248.6 C
f
*U
[]0 d
0.000 0.965 0.875 0.035 K
1 j
1 J
0.650000 w
1472.0 1248.6 m
1468.9 1248.6 1466.2 1247.5 1464.0 1245.2 C
1461.8 1243.0 1460.7 1240.3 1460.7 1237.2 C
1460.7 1237.2 1460.7 1237.2 1460.7 1237.2 C
1460.7 1234.0 1461.8 1231.3 1464.0 1229.2 C
1466.2 1226.9 1468.9 1225.8 1472.0 1225.8 C
1475.2 1225.8 1477.9 1226.9 1480.1 1229.2 C
1482.3 1231.3 1483.5 1234.0 1483.5 1237.2 C
1483.5 1240.3 1482.3 1243.0 1480.1 1245.2 C
1477.9 1247.5 1475.2 1248.6 1472.0 1248.6 C
1472.0 1248.6 1472.0 1248.6 1472.0 1248.6 C
S
U
U
u
u
*u
0.000 0.965 0.875 0.035 k
1442.5 1248.7 m
1442.5 1248.7 1442.5 1248.7 1442.5 1248.7 C
1439.3 1248.7 1436.7 1247.5 1434.5 1245.3 C
1432.2 1243.1 1431.1 1240.4 1431.1 1237.2 C
1431.1 1237.2 1431.1 1237.2 1431.1 1237.2 C
1431.1 1234.1 1432.2 1231.4 1434.5 1229.2 C
1436.7 1227.0 1439.3 1225.8 1442.5 1225.8 C
1445.7 1225.8 1448.3 1227.0 1450.5 1229.2 C
1452.8 1231.4 1453.9 1234.1 1453.9 1237.2 C
1453.9 1240.4 1452.8 1243.1 1450.5 1245.3 C
1448.3 1247.5 1445.7 1248.7 1442.5 1248.7 C
f
*U
[]0 d
0.000 0.965 0.875 0.035 K
1 j
1 J
0.650000 w
1442.5 1248.7 m
1439.3 1248.7 1436.7 1247.5 1434.5 1245.3 C
1432.2 1243.1 1431.1 1240.4 1431.1 1237.2 C
1431.1 1237.2 1431.1 1237.2 1431.1 1237.2 C
1431.1 1234.1 1432.2 1231.4 1434.5 1229.2 C
1436.7 1227.0 1439.3 1225.8 1442.5 1225.8 C
1445.7 1225.8 1448.3 1227.0 1450.5 1229.2 C
1452.8 1231.4 1453.9 1234.1 1453.9 1237.2 C
1453.9 1240.4 1452.8 1243.1 1450.5 1245.3 C
1448.3 1247.5 1445.7 1248.7 1442.5 1248.7 C
1442.5 1248.7 1442.5 1248.7 1442.5 1248.7 C
S
U
U
u
u
*u
0.000 0.965 0.875 0.035 k
1472.1 1278.0 m
1472.1 1278.0 1472.1 1278.0 1472.1 1278.0 C
1469.0 1278.0 1466.2 1276.9 1464.0 1274.7 C
1461.8 1272.5 1460.7 1269.8 1460.7 1266.6 C
1460.7 1266.6 1460.7 1266.6 1460.7 1266.6 C
1460.7 1263.5 1461.8 1260.8 1464.0 1258.5 C
1466.2 1256.3 1469.0 1255.2 1472.1 1255.2 C
1475.2 1255.2 1478.0 1256.3 1480.2 1258.5 C
1482.4 1260.8 1483.5 1263.5 1483.5 1266.6 C
1483.5 1269.8 1482.4 1272.5 1480.2 1274.7 C
1478.0 1276.9 1475.2 1278.0 1472.1 1278.0 C
f
*U
[]0 d
0.000 0.965 0.875 0.035 K
1 j
1 J
0.650000 w
1472.1 1278.0 m
1469.0 1278.0 1466.2 1276.9 1464.0 1274.7 C
1461.8 1272.5 1460.7 1269.8 1460.7 1266.6 C
1460.7 1266.6 1460.7 1266.6 1460.7 1266.6 C
1460.7 1263.5 1461.8 1260.8 1464.0 1258.5 C
1466.2 1256.3 1469.0 1255.2 1472.1 1255.2 C
1475.2 1255.2 1478.0 1256.3 1480.2 1258.5 C
1482.4 1260.8 1483.5 1263.5 1483.5 1266.6 C
1483.5 1269.8 1482.4 1272.5 1480.2 1274.7 C
1478.0 1276.9 1475.2 1278.0 1472.1 1278.0 C
1472.1 1278.0 1472.1 1278.0 1472.1 1278.0 C
S
U
U
u
u
*u
0.000 0.965 0.875 0.035 k
1442.5 1278.0 m
1442.5 1278.0 1442.5 1278.0 1442.5 1278.0 C
1439.3 1278.0 1436.7 1276.9 1434.5 1274.7 C
1432.2 1272.5 1431.1 1269.8 1431.1 1266.6 C
1431.1 1266.6 1431.1 1266.6 1431.1 1266.6 C
1431.1 1263.5 1432.2 1260.8 1434.5 1258.5 C
1436.7 1256.3 1439.3 1255.2 1442.5 1255.2 C
1445.7 1255.2 1448.3 1256.3 1450.5 1258.5 C
1452.8 1260.8 1453.9 1263.5 1453.9 1266.6 C
1453.9 1269.8 1452.8 1272.5 1450.5 1274.7 C
1448.3 1276.9 1445.7 1278.0 1442.5 1278.0 C
f
*U
[]0 d
0.000 0.965 0.875 0.035 K
1 j
1 J
0.650000 w
1442.5 1278.0 m
1439.3 1278.0 1436.7 1276.9 1434.5 1274.7 C
1432.2 1272.5 1431.1 1269.8 1431.1 1266.6 C
1431.1 1266.6 1431.1 1266.6 1431.1 1266.6 C
1431.1 1263.5 1432.2 1260.8 1434.5 1258.5 C
1436.7 1256.3 1439.3 1255.2 1442.5 1255.2 C
1445.7 1255.2 1448.3 1256.3 1450.5 1258.5 C
1452.8 1260.8 1453.9 1263.5 1453.9 1266.6 C
1453.9 1269.8 1452.8 1272.5 1450.5 1274.7 C
1448.3 1276.9 1445.7 1278.0 1442.5 1278.0 C
1442.5 1278.0 1442.5 1278.0 1442.5 1278.0 C
S
U
U
U
U
u
U
u
u
U
u
*u
0.000 0.965 0.875 0.035 k
1393.1 386.8 m
1399.0 393.0 1402.0 400.5 1402.0 409.4 C
1402.0 418.2 1399.0 425.8 1393.1 432.0 C
1387.2 438.2 1380.0 441.4 1371.6 441.4 C
955.1 441.4 L
946.8 441.4 939.6 438.2 933.6 432.0 C
927.8 425.8 924.8 418.2 924.8 409.4 C
924.8 400.5 927.8 393.0 933.6 386.8 C
939.6 380.5 946.8 377.4 955.1 377.4 C
1371.6 377.4 L
1380.0 377.4 1387.2 380.5 1393.1 386.8 C
f
*U
[]0 d
0.000 0.965 0.875 0.035 K
1 j
1 J
8.000000 w
1402.0 409.4 m
1402.0 418.2 1399.0 425.8 1393.1 432.0 C
1387.2 438.2 1380.0 441.4 1371.6 441.4 C
955.1 441.4 L
946.8 441.4 939.6 438.2 933.6 432.0 C
927.8 425.8 924.8 418.2 924.8 409.4 C
924.8 400.5 927.8 393.0 933.6 386.8 C
939.6 380.5 946.8 377.4 955.1 377.4 C
1371.6 377.4 L
1380.0 377.4 1387.2 380.5 1393.1 386.8 C
1399.0 393.0 1402.0 400.5 1402.0 409.4 C
S
U
u
*u
1.000 g
1349.1 385.8 m
1355.8 392.5 1359.2 400.6 1359.2 410.2 C
1359.2 410.4 1359.2 410.5 1359.2 410.6 C
1359.1 420.0 1355.8 428.1 1349.1 434.8 C
1342.4 441.4 1334.3 444.8 1325.0 444.9 C
1324.8 444.9 1324.7 444.9 1324.5 444.9 C
1315.0 444.9 1306.8 441.5 1300.1 434.8 C
1293.4 428.1 1290.0 420.0 1290.0 410.6 C
1289.9 410.5 1289.9 410.4 1289.9 410.2 C
1289.9 400.6 1293.3 392.5 1300.1 385.8 C
1306.8 378.9 1315.0 375.6 1324.5 375.6 C
1325.0 375.6 L
1325.0 375.6 L
1334.3 375.7 1342.4 379.1 1349.1 385.8 C
f
*U
*u
1.000 g
1113.0 445.0 m
1112.9 445.0 1112.8 445.0 1112.7 445.0 C
1103.1 445.0 1095.0 441.6 1088.2 434.9 C
1081.5 428.1 1078.0 419.9 1078.0 410.4 C
1078.0 400.9 1081.5 392.6 1088.2 385.9 C
1095.0 379.1 1103.1 375.8 1112.7 375.8 C
1112.8 375.8 1112.9 375.8 1113.0 375.8 C
1122.5 375.9 1130.5 379.2 1137.2 385.9 C
1143.9 392.6 1147.3 400.9 1147.3 410.4 C
1147.3 419.9 1143.9 428.1 1137.2 434.9 C
1130.5 441.6 1122.5 444.9 1113.0 445.0 C
f
*U
[]0 d
1.000 G
1 j
1 J
6.000000 w
1325.0 375.6 m
1334.3 375.7 1342.4 379.1 1349.1 385.8 C
1355.8 392.5 1359.2 400.6 1359.2 410.2 C
1359.2 410.4 1359.2 410.5 1359.2 410.6 C
1359.1 420.0 1355.8 428.1 1349.1 434.8 C
1342.4 441.4 1334.3 444.8 1325.0 444.9 C
1324.8 444.9 1324.7 444.9 1324.5 444.9 C
1315.0 444.9 1306.8 441.5 1300.1 434.8 C
1293.4 428.1 1290.0 420.0 1290.0 410.6 C
1289.9 410.5 1289.9 410.4 1289.9 410.2 C
1289.9 400.6 1293.3 392.5 1300.1 385.8 C
1306.8 378.9 1315.0 375.6 1324.5 375.6 C
1324.7 375.6 1324.8 375.6 1325.0 375.6 C
S
[]0 d
1.000 G
1 j
1 J
6.000000 w
1325.0 375.6 m
1325.0 375.6 L
S
[]0 d
1.000 G
1 j
1 J
6.000000 w
1112.7 445.0 m
1103.1 445.0 1095.0 441.6 1088.2 434.9 C
1081.5 428.1 1078.0 419.9 1078.0 410.4 C
1078.0 400.9 1081.5 392.6 1088.2 385.9 C
1095.0 379.1 1103.1 375.8 1112.7 375.8 C
1112.8 375.8 1112.9 375.8 1113.0 375.8 C
1122.5 375.9 1130.5 379.2 1137.2 385.9 C
1143.9 392.6 1147.3 400.9 1147.3 410.4 C
1147.3 419.9 1143.9 428.1 1137.2 434.9 C
1130.5 441.6 1122.5 444.9 1113.0 445.0 C
1112.9 445.0 1112.8 445.0 1112.7 445.0 C
S
U
u
[]0 d
0.000 0.965 0.875 0.035 K
1 j
1 J
14.000000 w
1353.7 410.6 m
1362.5 410.6 L
S
[]0 d
0.000 0.965 0.875 0.035 K
1 j
1 J
14.000000 w
1325.0 437.4 m
1325.0 446.8 L
S
[]0 d
0.000 0.965 0.875 0.035 K
1 j
1 J
14.000000 w
1325.0 372.5 m
1325.0 379.7 L
S
[]0 d
0.000 0.965 0.875 0.035 K
1 j
1 J
14.000000 w
1286.3 410.6 m
1294.8 410.6 L
S
[]0 d
0.000 0.965 0.875 0.035 K
1 j
1 J
14.000000 w
1113.0 446.6 m
1113.0 441.7 L
S
[]0 d
0.000 0.965 0.875 0.035 K
1 j
1 J
14.000000 w
1113.0 378.8 m
1113.0 372.4 L
S
U
u
U
u
u
u
*u
1.000 g
1191.5 391.9 m
1191.7 391.6 1191.9 391.3 1192.1 391.1 C
1196.8 383.3 1203.7 378.2 1212.5 375.8 C
1221.8 373.3 1230.5 374.5 1238.8 379.2 C
1243.8 382.1 1247.8 385.9 1250.7 390.4 C
1251.2 391.3 1251.8 392.2 1252.2 393.2 C
1252.4 393.6 1252.6 393.9 1252.8 394.2 C
1253.2 395.3 1253.7 396.4 1254.1 397.6 C
1253.7 397.7 L
1254.2 397.6 L
1254.2 397.8 1254.2 397.9 1254.3 398.1 C
1254.5 398.8 1254.8 399.5 1255.0 400.2 C
1257.5 409.5 1256.3 418.3 1251.5 426.6 C
1246.8 434.9 1239.8 440.2 1230.5 442.7 C
1227.8 443.4 1225.0 443.9 1222.3 443.9 C
1221.0 443.9 L
1221.0 444.0 L
1215.2 443.9 1209.6 442.4 1204.2 439.2 C
1195.9 434.5 1190.5 427.4 1188.0 418.2 C
1185.6 408.9 1186.8 400.2 1191.5 391.9 C
f
*U
[]0 d
1.000 G
1 j
1 J
6.000000 w
1221.0 444.0 m
1215.2 443.9 1209.6 442.4 1204.2 439.2 C
1195.9 434.5 1190.5 427.4 1188.0 418.2 C
1185.6 408.9 1186.8 400.2 1191.5 391.9 C
1191.7 391.6 1191.9 391.3 1192.1 391.1 C
1196.8 383.3 1203.7 378.2 1212.5 375.8 C
1221.8 373.3 1230.5 374.5 1238.8 379.2 C
1243.8 382.1 1247.8 385.9 1250.7 390.4 C
1251.2 391.3 1251.8 392.2 1252.2 393.2 C
1252.4 393.6 1252.6 393.9 1252.8 394.2 C
1253.2 395.3 1253.7 396.4 1254.1 397.6 C
S
[]0 d
1.000 G
1 j
1 J
6.000000 w
1254.2 397.6 m
1254.2 397.8 1254.2 397.9 1254.3 398.1 C
1254.5 398.8 1254.8 399.5 1255.0 400.2 C
1257.5 409.5 1256.3 418.3 1251.5 426.6 C
1246.8 434.9 1239.8 440.2 1230.5 442.7 C
1227.8 443.4 1225.0 443.9 1222.3 443.9 C
S
U
u
[]0 d
0.000 0.965 0.875 0.035 K
1 j
1 J
14.000000 w
1247.5 392.2 m
1253.8 387.9 L
S
[]0 d
0.000 0.965 0.875 0.035 K
1 j
1 J
14.000000 w
1221.2 440.6 m
1221.0 447.1 L
S
[]0 d
0.000 0.965 0.875 0.035 K
1 j
1 J
14.000000 w
1188.5 387.1 m
1195.0 392.4 L
S
U
U
U
u
U
u
U
u
U
u
u
u
*u
1.000 g
1027.0 385.4 m
1033.8 392.1 1037.2 400.2 1037.2 409.8 C
1037.2 419.4 1033.8 427.6 1027.0 434.3 C
1020.3 441.1 1012.1 444.4 1002.6 444.4 C
993.0 444.4 984.9 441.1 978.1 434.3 C
971.4 427.6 968.0 419.4 968.0 409.8 C
968.0 400.2 971.4 392.1 978.1 385.4 C
984.9 378.6 993.0 375.2 1002.6 375.2 C
1012.1 375.2 1020.3 378.6 1027.0 385.4 C
f
*U
[]0 d
1.000 G
1 j
1 J
6.000000 w
1037.2 409.8 m
1037.2 419.4 1033.8 427.6 1027.0 434.3 C
1020.3 441.1 1012.1 444.4 1002.6 444.4 C
993.0 444.4 984.9 441.1 978.1 434.3 C
971.4 427.6 968.0 419.4 968.0 409.8 C
968.0 400.2 971.4 392.1 978.1 385.4 C
984.9 378.6 993.0 375.2 1002.6 375.2 C
1012.1 375.2 1020.3 378.6 1027.0 385.4 C
1033.8 392.1 1037.2 400.2 1037.2 409.8 C
S
U
u
[]0 d
0.000 0.965 0.875 0.035 K
1 j
1 J
14.000000 w
1002.1 446.8 m
1002.1 441.8 L
S
U
U
U
u
U
U
u
u
[]0 d
0.000 0.965 0.875 0.035 K
1 j
1 J
10.000000 w
1164.4 881.1 m
1117.0 881.1 1076.6 864.4 1043.1 831.0 C
1009.6 797.5 992.9 757.0 992.9 709.6 C
992.9 709.5 992.9 709.5 992.9 709.4 C
993.0 662.1 1009.7 621.8 1043.1 588.4 C
1076.6 554.9 1117.0 538.1 1164.4 538.1 C
1211.8 538.1 1252.2 554.9 1285.7 588.4 C
1319.2 621.9 1335.9 662.3 1335.9 709.6 C
1335.9 757.0 1319.2 797.5 1285.7 831.0 C
1252.2 864.4 1212.0 881.1 1164.7 881.1 C
1164.6 881.1 1164.5 881.1 1164.4 881.1 C
S
u
u
*u
0.000 0.965 0.875 0.035 k
1164.7 881.1 m
1164.6 881.1 1164.5 881.1 1164.4 881.1 C
1117.0 881.1 1076.6 864.4 1043.1 831.0 C
1009.6 797.5 992.9 757.0 992.9 709.6 C
992.9 709.5 992.9 709.5 992.9 709.4 C
993.0 662.1 1009.7 621.8 1043.1 588.4 C
1076.6 554.9 1117.0 538.1 1164.4 538.1 C
1211.8 538.1 1252.2 554.9 1285.7 588.4 C
1319.2 621.9 1335.9 662.3 1335.9 709.6 C
1335.9 757.0 1319.2 797.5 1285.7 831.0 C
1252.2 864.4 1212.0 881.1 1164.7 881.1 C
f
*U
[]0 d
0.000 0.965 0.875 0.035 K
1 j
1 J
10.000000 w
1164.4 881.1 m
1117.0 881.1 1076.6 864.4 1043.1 831.0 C
1009.6 797.5 992.9 757.0 992.9 709.6 C
992.9 709.5 992.9 709.5 992.9 709.4 C
993.0 662.1 1009.7 621.8 1043.1 588.4 C
1076.6 554.9 1117.0 538.1 1164.4 538.1 C
1211.8 538.1 1252.2 554.9 1285.7 588.4 C
1319.2 621.9 1335.9 662.3 1335.9 709.6 C
1335.9 757.0 1319.2 797.5 1285.7 831.0 C
1252.2 864.4 1212.0 881.1 1164.7 881.1 C
1164.6 881.1 1164.5 881.1 1164.4 881.1 C
S
U
U
U
u
u
*u
0.000 0.580 0.529 0.024 k
1164.7 881.1 m
1164.6 881.1 1164.5 881.1 1164.4 881.1 C
1117.0 881.1 1076.6 864.4 1043.1 831.0 C
1032.3 820.1 1023.3 808.6 1016.0 796.4 C
1005.2 778.5 998.3 759.0 995.0 738.0 C
1002.3 756.5 1013.6 773.5 1028.8 788.8 C
1058.1 818.0 1093.5 832.6 1134.8 832.6 C
1176.2 832.6 1211.5 818.0 1240.7 788.8 C
1270.0 759.5 1284.6 724.1 1284.6 682.8 C
1284.6 641.5 1270.0 606.1 1240.7 576.9 C
1221.8 558.0 1200.5 545.2 1176.5 538.5 C
1218.7 541.1 1255.1 557.8 1285.7 588.4 C
1319.2 621.9 1335.9 662.3 1335.9 709.6 C
1335.9 757.0 1319.2 797.5 1285.7 831.0 C
1252.2 864.4 1212.0 881.1 1164.7 881.1 C
f
*U
U
U
u
u
[]0 d
0.000 0.580 0.529 0.024 K
1 j
1 J
6.000000 w
1634.8 914.6 m
1378.7 1170.7 L
S
u
*u
0.000 0.580 0.529 0.024 k
1024.1 843.4 m
1020.4 840.0 1016.6 836.6 1013.0 833.1 C
1008.6 828.6 1004.4 824.0 1000.4 819.3 C
1000.2 819.0 1000.0 818.8 999.9 818.6 C
993.0 810.5 987.0 802.0 981.8 793.1 C
969.4 772.5 961.3 750.0 957.5 725.6 C
966.0 747.1 979.0 766.8 996.6 784.4 C
1030.4 818.1 1071.2 835.0 1119.0 835.0 C
1166.8 835.0 1207.5 818.1 1241.3 784.4 C
1275.0 750.5 1292.0 709.8 1292.0 662.0 C
1292.0 614.2 1275.0 573.5 1241.3 539.6 C
1219.5 517.9 1194.8 503.1 1167.2 495.3 C
1195.1 497.1 1220.8 504.1 1244.3 516.5 C
1249.1 519.0 1253.8 521.7 1258.4 524.6 C
1270.7 532.5 1282.2 542.0 1293.2 553.0 C
1304.5 564.2 1314.1 576.1 1322.2 588.8 C
1719.5 992.0 L
1442.5 1269.2 L
1024.1 843.4 L
f
*U
U
U
U
u
U
u
u
u
*u
0.000 0.965 0.875 0.035 k
1336.9 709.0 m
1336.9 709.1 1336.9 709.2 1336.9 709.4 C
1336.8 756.6 1320.1 796.9 1286.7 830.3 C
1253.2 863.8 1212.9 880.5 1165.7 880.5 C
1165.7 537.5 L
1212.9 537.6 1253.2 554.4 1286.7 587.8 C
1320.2 621.2 1336.9 661.7 1336.9 709.0 C
f
*U
U
U
u
*u
1.000 g
1165.1 708.6 m
1162.8 880.5 L
1115.5 879.9 1075.5 862.5 1042.5 828.7 C
1009.5 794.8 993.2 754.1 993.9 706.8 C
993.9 706.7 993.9 706.6 993.9 706.5 C
993.9 706.5 993.9 706.4 993.9 706.3 C
1165.1 708.6 L
f
*U
U
U
u
u
[]0 d
0.000 0.965 0.875 0.035 K
1 j
1 J
10.000000 w
1176.5 538.5 m
1218.7 541.1 1255.1 557.8 1285.7 588.4 C
1319.2 621.9 1335.9 662.3 1335.9 709.6 C
1335.9 757.0 1319.2 797.5 1285.7 831.0 C
1252.2 864.4 1212.0 881.1 1164.7 881.1 C
1164.6 881.1 1164.5 881.1 1164.4 881.1 C
1164.3 881.1 1164.2 881.1 1164.2 881.1 C
1116.9 881.1 1076.5 864.4 1043.1 831.0 C
1032.3 820.1 1023.3 808.6 1016.0 796.4 C
1005.2 778.5 998.3 759.0 995.0 738.0 C
993.6 728.8 992.9 719.4 992.9 709.6 C
992.9 709.5 992.9 709.5 992.9 709.4 C
993.0 662.1 1009.7 621.8 1043.1 588.4 C
1076.5 555.0 1116.9 538.2 1164.2 538.1 C
S
U
U
u
U
U
u
U
u
u
u
*u
0.000 0.000 0.008 0.016 k
1258.8 708.2 m
1109.6 815.0 L
1109.6 601.4 L
1258.8 708.2 L
f
*U
U
U
U
u
U
u
U
u
U
u
U
u
u
U
u
*u
0.000 0.965 0.875 0.035 k
1173.7 1247.0 m
1172.2 1247.5 1170.0 1247.8 1166.8 1247.8 C
1163.7 1247.8 1161.5 1247.4 1160.0 1246.8 C
1158.5 1246.1 1157.4 1244.6 1156.5 1242.2 C
1156.5 1240.5 L
1178.1 1240.5 L
1178.1 1241.8 L
1177.3 1244.4 1175.8 1246.2 1173.7 1247.0 C
f
*U
*u
0.000 0.965 0.875 0.035 k
1182.7 1235.3 m
1183.0 1236.5 1182.8 1237.6 1182.0 1238.6 C
1181.5 1239.3 1181.0 1239.7 1180.4 1240.0 C
1178.1 1240.5 L
1156.5 1240.5 L
1155.2 1240.5 L
1153.4 1240.0 1152.2 1239.3 1151.6 1238.7 C
1151.0 1237.9 1150.7 1237.0 1150.7 1235.9 C
1150.7 1235.6 1150.8 1235.2 1151.2 1234.8 C
1151.5 1234.3 1151.9 1234.0 1152.0 1233.8 C
1152.0 1233.4 L
1182.2 1233.4 L
1182.7 1235.3 L
f
*U
*u
0.000 0.965 0.875 0.035 k
1182.5 1227.0 m
1182.5 1228.2 L
1183.0 1228.6 1183.3 1228.8 1183.5 1229.1 C
1183.8 1229.4 1184.0 1229.9 1184.0 1230.5 C
1184.0 1231.2 1183.5 1231.8 1182.5 1232.6 C
1182.2 1233.4 L
1152.0 1233.4 L
1151.5 1232.1 L
1151.3 1231.9 1151.2 1231.5 1150.9 1231.1 C
1150.6 1230.5 1150.5 1230.1 1150.5 1229.8 C
1150.5 1229.2 1150.6 1228.8 1150.8 1228.6 C
1151.0 1228.5 1151.3 1228.3 1151.8 1228.2 C
1151.8 1227.0 L
1182.5 1227.0 L
f
*U
[]0 d
0.000 0.965 0.875 0.035 K
1 j
1 J
4.900000 w
1178.1 1241.8 m
1177.3 1244.4 1175.8 1246.2 1173.7 1247.0 C
1172.2 1247.5 1170.0 1247.8 1166.8 1247.8 C
1163.7 1247.8 1161.5 1247.4 1160.0 1246.8 C
1158.5 1246.1 1157.4 1244.6 1156.5 1242.2 C
S
[]0 d
0.000 0.965 0.875 0.035 K
1 j
1 J
4.900000 w
1182.7 1235.3 m
1183.0 1236.5 1182.8 1237.6 1182.0 1238.6 C
1181.5 1239.3 1181.0 1239.7 1180.4 1240.0 C
S
[]0 d
0.000 0.965 0.875 0.035 K
1 j
1 J
4.900000 w
1179.9 1240.5 m
1178.1 1240.5 L
1156.5 1240.5 L
1155.2 1240.5 L
1153.4 1240.0 1152.2 1239.3 1151.6 1238.7 C
1151.0 1237.9 1150.7 1237.0 1150.7 1235.9 C
1150.7 1235.6 1150.8 1235.2 1151.2 1234.8 C
1151.5 1234.3 1151.9 1234.0 1152.0 1233.8 C
S
[]0 d
0.000 0.965 0.875 0.035 K
1 j
1 J
4.900000 w
1182.5 1228.2 m
1183.0 1228.6 1183.3 1228.8 1183.5 1229.1 C
1183.8 1229.4 1184.0 1229.9 1184.0 1230.5 C
1184.0 1231.2 1183.5 1231.8 1182.5 1232.6 C
S
[]0 d
0.000 0.965 0.875 0.035 K
1 j
1 J
4.900000 w
1151.8 1228.2 m
1151.3 1228.3 1151.0 1228.5 1150.8 1228.6 C
1150.6 1228.8 1150.5 1229.2 1150.5 1229.8 C
1150.5 1230.1 1150.6 1230.5 1150.9 1231.1 C
1151.2 1231.5 1151.3 1231.9 1151.5 1232.1 C
S
[]0 d
0.000 0.965 0.875 0.035 K
1 j
1 J
4.900000 w
1151.3 1227.0 m
1151.8 1227.0 L
1182.5 1227.0 L
S
[]0 d
0.000 0.965 0.875 0.035 K
1 j
1 J
4.900000 w
1151.8 1226.5 m
1151.4 1221.2 1149.7 1216.3 1146.8 1212.0 C
1143.7 1207.8 1142.2 1202.9 1142.2 1197.4 C
1142.2 1190.5 1144.6 1184.6 1149.5 1179.7 C
1154.3 1174.8 1160.2 1172.4 1167.2 1172.4 C
1174.0 1172.4 1180.0 1174.8 1184.8 1179.7 C
1189.7 1184.6 1192.2 1190.5 1192.2 1197.4 C
1192.2 1203.2 1190.5 1208.3 1187.0 1212.7 C
S
[]0 d
0.000 0.965 0.875 0.035 K
1 j
1 J
4.900000 w
1182.7 1225.6 m
1182.7 1221.0 1184.1 1216.8 1187.0 1212.9 C
S
[]0 d
0.000 0.965 0.875 0.035 K
1 j
1 J
4.900000 w
1182.2 1233.4 m
1152.0 1233.4 L
S
[]0 d
0.000 0.965 0.875 0.035 K
1 j
1 J
7.350000 w
1166.5 1427.2 m
1166.5 1250.2 L
S
U
U
u
u
*u
0.000 0.000 0.200 0.000 k
1186.7 1212.8 m
1183.9 1216.5 1182.5 1220.3 1182.3 1224.5 C
1151.2 1224.5 L
1150.5 1219.9 1149.0 1215.7 1146.4 1211.8 C
1143.3 1207.7 1141.8 1202.8 1141.8 1197.3 C
1141.8 1190.4 1144.2 1184.5 1149.0 1179.6 C
1154.0 1174.8 1159.8 1172.3 1166.8 1172.3 C
1173.7 1172.3 1179.5 1174.8 1184.4 1179.6 C
1189.3 1184.5 1191.8 1190.4 1191.8 1197.3 C
1191.8 1203.1 1190.0 1208.2 1186.6 1212.5 C
1186.7 1212.8 L
f
*U
[]0 d
0.000 0.000 0.200 0.000 K
1 j
1 J
6.000000 w
1186.7 1212.8 m
1183.9 1216.5 1182.5 1220.3 1182.3 1224.5 C
1151.2 1224.5 L
1150.5 1219.9 1149.0 1215.7 1146.4 1211.8 C
1143.3 1207.7 1141.8 1202.8 1141.8 1197.3 C
1141.8 1190.4 1144.2 1184.5 1149.0 1179.6 C
1154.0 1174.8 1159.8 1172.3 1166.8 1172.3 C
1173.7 1172.3 1179.5 1174.8 1184.4 1179.6 C
1189.3 1184.5 1191.8 1190.4 1191.8 1197.3 C
1191.8 1203.1 1190.0 1208.2 1186.6 1212.5 C
S
U
U
u
u
U
u
u
*u
0.000 0.965 0.875 0.035 k
910.4 1221.5 m
916.9 1221.8 L
916.5 1227.7 915.3 1233.0 912.9 1237.9 C
907.0 1235.1 L
905.1 1239.1 902.4 1242.7 898.9 1246.0 C
903.2 1250.8 L
898.9 1254.8 894.1 1257.7 888.9 1259.5 C
886.8 1253.3 L
882.5 1254.8 878.1 1255.5 873.3 1255.2 C
873.0 1261.7 L
873.0 1261.7 L
867.0 1261.5 861.6 1260.2 856.8 1257.8 C
859.5 1252.0 L
855.5 1250.0 851.9 1247.3 848.6 1243.8 C
843.9 1248.0 L
843.9 1248.0 L
839.9 1243.8 837.0 1239.0 835.2 1234.0 C
841.2 1231.8 L
839.8 1227.6 839.1 1223.0 839.3 1218.3 C
832.9 1218.0 L
833.0 1218.0 832.9 1217.9 832.9 1217.8 C
833.2 1212.0 834.5 1206.5 836.9 1201.5 C
842.6 1204.3 L
844.5 1200.3 847.3 1196.7 850.9 1193.5 C
850.9 1193.5 850.9 1193.5 850.9 1193.5 C
846.5 1188.7 L
846.5 1188.7 846.5 1188.7 846.5 1188.7 C
850.9 1184.7 855.6 1181.8 860.8 1180.0 C
863.0 1186.0 L
867.1 1184.6 871.6 1184.0 876.5 1184.2 C
876.5 1184.2 876.5 1184.2 876.5 1184.2 C
876.8 1177.8 L
